# Data from 3.0
# 
# POTENTIAL (kT/e)
# 
2.999775e-01
7.923753e-01
1.369882e+00
1.455925e+00
1.481499e+00
1.155157e+00
9.603875e-01
7.010917e-01
3.966175e-01
5.914993e-01
5.891594e-01
6.175827e-01
7.501345e-01
9.329845e-01
1.126675e+00
1.272613e+00
1.345890e+00
1.366954e+00
1.377756e+00
1.394465e+00
1.410223e+00
1.413614e+00
1.399957e+00
1.372346e+00
1.336605e+00
1.297415e+00
1.257504e+00
1.218192e+00
1.180032e+00
1.143224e+00
1.107816e+00
1.073798e+00
1.041144e+00
1.009822e+00
9.797993e-01
9.510403e-01
9.235087e-01
8.971659e-01
8.719711e-01
8.478812e-01
8.248522e-01
8.028387e-01
7.817953e-01
7.616766e-01
7.424380e-01
7.240357e-01
7.064275e-01
6.895723e-01
6.734310e-01
6.579661e-01
6.431418e-01
6.289243e-01
6.152815e-01
6.021830e-01
5.896002e-01
5.775060e-01
5.658750e-01
5.546832e-01
5.439081e-01
5.335283e-01
5.235240e-01
5.138764e-01
5.045679e-01
4.955817e-01
4.869023e-01
-2.325963e-01
7.079525e-01
1.341120e+00
1.213839e+00
9.026475e-01
1.160626e+00
1.082569e+00
5.235262e-01
-6.235193e-01
1.267801e-01
6.362407e-01
9.529478e-01
1.190784e+00
1.394316e+00
1.558248e+00
1.662094e+00
1.680070e+00
1.597543e+00
1.560232e+00
1.567385e+00
1.582530e+00
1.573629e+00
1.534550e+00
1.478482e+00
1.418614e+00
1.361331e+00
1.308413e+00
1.259761e+00
1.214771e+00
1.172827e+00
1.133442e+00
1.096258e+00
1.061021e+00
1.027548e+00
9.957042e-01
9.653829e-01
9.364972e-01
9.089709e-01
8.827347e-01
8.577235e-01
8.338755e-01
8.111312e-01
7.894333e-01
7.687265e-01
7.489580e-01
7.300770e-01
7.120351e-01
6.947861e-01
6.782865e-01
6.624948e-01
6.473720e-01
6.328811e-01
6.189876e-01
6.056587e-01
5.928638e-01
5.805741e-01
5.687625e-01
5.574038e-01
5.464740e-01
5.359509e-01
5.258135e-01
5.160422e-01
5.066185e-01
4.975250e-01
4.887454e-01
-3.062315e-01
3.675788e-01
9.359366e-01
1.126294e+00
1.119434e+00
1.356488e+00
1.523138e+00
1.371927e+00
1.250291e+00
8.750613e-01
1.153036e+00
1.421722e+00
1.638128e+00
1.858545e+00
2.041128e+00
2.179430e+00
2.204970e+00
1.902559e+00
1.823392e+00
1.847483e+00
1.880665e+00
1.840010e+00
1.734730e+00
1.618647e+00
1.517509e+00
1.433885e+00
1.364063e+00
1.304168e+00
1.251350e+00
1.203701e+00
1.159979e+00
1.119380e+00
1.081375e+00
1.045608e+00
1.011829e+00
9.798553e-01
9.495430e-01
9.207756e-01
8.934526e-01
8.674847e-01
8.427906e-01
8.192949e-01
7.969273e-01
7.756218e-01
7.553162e-01
7.359520e-01
7.174742e-01
6.998311e-01
6.829741e-01
6.668576e-01
6.514390e-01
6.366781e-01
6.225377e-01
6.089825e-01
5.959799e-01
5.834991e-01
5.715116e-01
5.599905e-01
5.489107e-01
5.382487e-01
5.279826e-01
5.180919e-01
5.085571e-01
4.993604e-01
4.904846e-01
1.080766e-01
9.267225e-01
2.606713e-01
1.163769e+00
1.164871e+00
1.241436e+00
1.390023e+00
8.560385e-01
2.331041e+00
1.420536e+00
1.492877e+00
1.900661e+00
2.011590e+00
2.247656e+00
2.337554e+00
2.379229e+00
2.359263e+00
2.301803e+00
2.180802e+00
2.320557e+00
2.459508e+00
2.318908e+00
2.022727e+00
1.788491e+00
1.626237e+00
1.509856e+00
1.421069e+00
1.349270e+00
1.288401e+00
1.234947e+00
1.186816e+00
1.142733e+00
1.101891e+00
1.063763e+00
1.027989e+00
9.943089e-01
9.625251e-01
9.324796e-01
9.040405e-01
8.770931e-01
8.515359e-01
8.272768e-01
8.042315e-01
7.823223e-01
7.614773e-01
7.416297e-01
7.227175e-01
7.046829e-01
6.874721e-01
6.710352e-01
6.553256e-01
6.403000e-01
6.259179e-01
6.121420e-01
5.989373e-01
5.862711e-01
5.741131e-01
5.624350e-01
5.512104e-01
5.404147e-01
5.300249e-01
5.200195e-01
5.103785e-01
5.010829e-01
4.921153e-01
1.203881e+00
6.962789e-01
4.240804e-01
9.308927e-01
1.049003e+00
1.162986e+00
1.023884e+00
1.318447e+00
1.683203e+00
1.497160e+00
1.560520e+00
1.958992e+00
2.178076e+00
2.502889e+00
2.457586e+00
2.383351e+00
2.524771e+00
2.489855e+00
2.507082e+00
2.980636e+00
3.714402e+00
3.181104e+00
2.353698e+00
1.953856e+00
1.727311e+00
1.580382e+00
1.474730e+00
1.392428e+00
1.324356e+00
1.265579e+00
1.213300e+00
1.165860e+00
1.122234e+00
1.081760e+00
1.043984e+00
1.008583e+00
9.753117e-01
9.439734e-01
9.144061e-01
8.864705e-01
8.600447e-01
8.350194e-01
8.112960e-01
7.887849e-01
7.674038e-01
7.470774e-01
7.277362e-01
7.093161e-01
6.917582e-01
6.750076e-01
6.590141e-01
6.437307e-01
6.291142e-01
6.151245e-01
6.017245e-01
5.888795e-01
5.765575e-01
5.647287e-01
5.533655e-01
5.424419e-01
5.319340e-01
5.218194e-01
5.120772e-01
5.026878e-01
4.936331e-01
1.328702e+00
1.440787e+00
1.115222e+00
1.016616e+00
1.049977e+00
1.094805e+00
6.281500e-01
7.782108e-01
1.386117e+00
1.079118e+00
1.520493e+00
2.241509e+00
2.473839e+00
2.676921e+00
2.425236e+00
2.622982e+00
2.556598e+00
2.053413e+00
2.586722e+00
3.329938e+00
3.952674e+00
3.428298e+00
2.507202e+00
2.053057e+00
1.798565e+00
1.636007e+00
1.520480e+00
1.431212e+00
1.357803e+00
1.294713e+00
1.238833e+00
1.188334e+00
1.142084e+00
1.099346e+00
1.059612e+00
1.022513e+00
9.877656e-01
9.551418e-01
9.244522e-01
8.955344e-01
8.682463e-01
8.424621e-01
8.180688e-01
7.949644e-01
7.730565e-01
7.522607e-01
7.325002e-01
7.137045e-01
6.958090e-01
6.787544e-01
6.624862e-01
6.469542e-01
6.321121e-01
6.179171e-01
6.043299e-01
5.913140e-01
5.788355e-01
5.668633e-01
5.553682e-01
5.443233e-01
5.337036e-01
5.234857e-01
5.136480e-01
5.041702e-01
4.950334e-01
6.233022e-01
1.045472e+00
1.054644e+00
1.107295e+00
1.149678e+00
1.152891e+00
-5.459657e-01
-3.154746e+00
1.775091e+00
2.688586e+00
2.209163e+00
2.451597e+00
2.726407e+00
2.615859e+00
2.285993e+00
2.208701e+00
1.592086e+00
1.067571e+00
2.461969e+00
3.721352e+00
6.309491e+00
3.006403e+00
2.427879e+00
2.062431e+00
1.829811e+00
1.671936e+00
1.555833e+00
1.464200e+00
1.387848e+00
1.321731e+00
1.262960e+00
1.209800e+00
1.161154e+00
1.116287e+00
1.074678e+00
1.035934e+00
9.997483e-01
9.658676e-01
9.340791e-01
9.041996e-01
8.760681e-01
8.495427e-01
8.244961e-01
8.008146e-01
7.783951e-01
7.571448e-01
7.369791e-01
7.178213e-01
6.996011e-01
6.822548e-01
6.657237e-01
6.499542e-01
6.348970e-01
6.205068e-01
6.067420e-01
5.935642e-01
5.809378e-01
5.688302e-01
5.572110e-01
5.460521e-01
5.353274e-01
5.250128e-01
5.150858e-01
5.055254e-01
4.963122e-01
6.254454e-01
9.081105e-01
1.099324e+00
1.238277e+00
1.197817e+00
2.624483e+00
2.242515e+00
5.857879e+00
-1.318223e-01
2.348187e+00
2.876284e+00
2.754577e+00
2.714906e+00
2.642809e+00
2.403527e+00
2.671462e+00
1.913561e+00
1.662455e+00
2.194230e+00
2.706437e+00
2.911014e+00
2.615439e+00
2.272091e+00
2.015411e+00
1.829341e+00
1.690418e+00
1.581335e+00
1.491387e+00
1.414295e+00
1.346376e+00
1.285412e+00
1.230001e+00
1.179210e+00
1.132375e+00
1.088998e+00
1.048688e+00
1.011123e+00
9.760335e-01
9.431866e-01
9.123803e-01
8.834366e-01
8.561979e-01
8.305237e-01
8.062885e-01
7.833793e-01
7.616945e-01
7.411423e-01
7.216397e-01
7.031112e-01
6.854882e-01
6.687084e-01
6.527146e-01
6.374547e-01
6.228810e-01
6.089495e-01
5.956200e-01
5.828553e-01
5.706213e-01
5.588865e-01
5.476215e-01
5.367994e-01
5.263951e-01
5.163855e-01
5.067488e-01
4.974651e-01
7.299011e-01
9.458192e-01
1.030367e+00
2.625212e-01
1.118266e+00
1.031757e+00
-2.811026e-01
1.831366e+00
2.144958e+00
2.014638e+00
2.917042e+00
3.172286e+00
2.526480e+00
2.327872e+00
2.083832e+00
1.788621e+00
2.320635e+00
1.987611e+00
2.090182e+00
2.431874e+00
2.402308e+00
2.289477e+00
2.114007e+00
1.950789e+00
1.813362e+00
1.698191e+00
1.599830e+00
1.513939e+00
1.437549e+00
1.368701e+00
1.306082e+00
1.248766e+00
1.196061e+00
1.147423e+00
1.102402e+00
1.060623e+00
1.021758e+00
9.855250e-01
9.516760e-01
9.199919e-01
8.902791e-01
8.623655e-01
8.360980e-01
8.113399e-01
7.879689e-01
7.658750e-01
7.449595e-01
7.251334e-01
7.063160e-01
6.884344e-01
6.714223e-01
6.552196e-01
6.397713e-01
6.250271e-01
6.109412e-01
5.974714e-01
5.845791e-01
5.722287e-01
5.603875e-01
5.490251e-01
5.381138e-01
5.276275e-01
5.175424e-01
5.078362e-01
4.984883e-01
4.343730e-01
9.094836e-01
2.662405e+00
1.178391e+00
1.073272e+00
1.060849e+00
4.055678e+00
1.637321e+00
1.471116e+00
1.631740e+00
2.537635e+00
3.641553e+00
2.141121e+00
1.762988e+00
1.929175e+00
1.702442e+00
1.627652e+00
1.549776e+00
1.954765e+00
2.098524e+00
2.113241e+00
2.070019e+00
1.989455e+00
1.893536e+00
1.796023e+00
1.702503e+00
1.614858e+00
1.533500e+00
1.458295e+00
1.388914e+00
1.324949e+00
1.265970e+00
1.211546e+00
1.161263e+00
1.114731e+00
1.071594e+00
1.031524e+00
9.942312e-01
9.594517e-01
9.269523e-01
8.965251e-01
8.679849e-01
8.411669e-01
8.159241e-01
7.921252e-01
7.696529e-01
7.484017e-01
7.282770e-01
7.091933e-01
6.910737e-01
6.738484e-01
6.574541e-01
6.418332e-01
6.269333e-01
6.127065e-01
5.991090e-01
5.861007e-01
5.736447e-01
5.617071e-01
5.502568e-01
5.392649e-01
5.287048e-01
5.185519e-01
5.087833e-01
4.993779e-01
3.540151e-01
8.771756e-01
1.346345e+00
8.011540e-01
1.072753e+00
4.651965e-01
1.200546e+00
1.747940e+00
1.970321e+00
2.316260e+00
2.176501e+00
1.542478e+00
8.271643e+00
-2.977113e-01
1.060045e+00
7.176638e-01
-4.850163e+00
1.025171e+00
1.931507e+00
1.928299e+00
1.930515e+00
1.935165e+00
1.909281e+00
1.855960e+00
1.786099e+00
1.708603e+00
1.629245e+00
1.551453e+00
1.477124e+00
1.407187e+00
1.341978e+00
1.281485e+00
1.225503e+00
1.173730e+00
1.125830e+00
1.081462e+00
1.040302e+00
1.002047e+00
9.664229e-01
9.331836e-01
9.021079e-01
8.729989e-01
8.456811e-01
8.199985e-01
7.958117e-01
7.729963e-01
7.514411e-01
7.310463e-01
7.117221e-01
6.933878e-01
6.759703e-01
6.594036e-01
6.436277e-01
6.285882e-01
6.142353e-01
6.005238e-01
5.874120e-01
5.748621e-01
5.628391e-01
5.513108e-01
5.402477e-01
5.296224e-01
5.194098e-01
5.095864e-01
5.001306e-01
4.570929e-01
7.827236e-01
1.040995e+00
1.122074e+00
1.195209e+00
1.020764e+00
1.219902e+00
1.806800e+00
3.292983e-01
1.432479e+00
1.885603e+00
1.398202e+00
5.720681e-01
-4.452022e-01
1.518759e+00
7.781373e-01
3.975734e-01
2.321615e+00
1.630183e+00
1.762285e+00
1.828555e+00
1.868253e+00
1.871582e+00
1.841097e+00
1.786892e+00
1.718819e+00
1.644324e+00
1.568431e+00
1.494244e+00
1.423503e+00
1.357044e+00
1.295144e+00
1.237756e+00
1.184659e+00
1.135549e+00
1.090097e+00
1.047975e+00
1.008873e+00
9.725056e-01
9.386138e-01
9.069658e-01
8.773544e-01
8.495952e-01
8.235238e-01
7.989942e-01
7.758758e-01
7.540521e-01
7.334190e-01
7.138827e-01
6.953593e-01
6.777728e-01
6.610548e-01
6.451431e-01
6.299814e-01
6.155184e-01
6.017074e-01
5.885057e-01
5.758743e-01
5.637772e-01
5.521816e-01
5.410571e-01
5.303759e-01
5.201121e-01
5.102418e-01
5.007430e-01
5.393401e-01
7.582351e-01
7.793268e-01
1.399181e+00
1.622362e+00
2.731994e+00
1.260777e+00
1.040791e+00
1.721467e+00
1.195150e+00
1.417690e+00
3.730489e-01
-5.457037e-01
1.947923e-01
9.514559e-01
6.215587e-01
2.009368e+00
9.878127e-01
1.418534e+00
1.721183e+00
1.811938e+00
1.858660e+00
1.868869e+00
1.845583e+00
1.797122e+00
1.732640e+00
1.659796e+00
1.584163e+00
1.509382e+00
1.437594e+00
1.369897e+00
1.306723e+00
1.248110e+00
1.193879e+00
1.143743e+00
1.097375e+00
1.054441e+00
1.014622e+00
9.776242e-01
9.431784e-01
9.110436e-01
8.810042e-01
8.528682e-01
8.264649e-01
8.016422e-01
7.782646e-01
7.562115e-01
7.353746e-01
7.156573e-01
6.969726e-01
6.792422e-01
6.623954e-01
6.463683e-01
6.311031e-01
6.165471e-01
6.026523e-01
5.893750e-01
5.766752e-01
5.645162e-01
5.528645e-01
5.416890e-01
5.309613e-01
5.206552e-01
5.107463e-01
5.012123e-01
4.656194e-01
4.947318e-01
-1.722803e-01
-1.565900e+00
1.116364e+00
1.062521e+00
5.561042e+00
2.759133e+00
1.037987e+00
7.995339e-01
3.167712e-01
-4.337096e+00
-1.741504e+00
-4.067580e-01
6.660357e-01
1.307473e+00
2.431307e+00
2.448448e+00
1.781376e+00
1.799501e+00
1.851493e+00
1.884295e+00
1.887658e+00
1.861707e+00
1.812425e+00
1.747538e+00
1.674133e+00
1.597679e+00
1.521888e+00
1.449001e+00
1.380198e+00
1.315963e+00
1.256363e+00
1.201230e+00
1.150282e+00
1.103187e+00
1.059607e+00
1.019217e+00
9.817141e-01
9.468223e-01
9.142940e-01
8.839074e-01
8.554650e-01
8.287910e-01
8.037290e-01
7.801396e-01
7.578988e-01
7.368954e-01
7.170302e-01
6.982138e-01
6.803660e-01
6.634146e-01
6.472940e-01
6.319450e-01
6.173139e-01
6.033517e-01
5.900138e-01
5.772594e-01
5.650512e-01
5.533549e-01
5.421392e-01
5.313752e-01
5.210360e-01
5.110971e-01
5.015357e-01
8.810891e-01
5.297625e-01
-1.300370e+00
2.785311e-01
1.042850e+00
1.522745e+00
2.776787e+00
-1.052649e+00
1.463413e+00
1.294714e+00
1.090649e+00
1.119614e+00
6.015054e-01
7.119088e-02
1.045790e+00
2.904661e+00
1.538822e+00
2.592442e+00
1.848722e+00
1.862624e+00
1.900924e+00
1.920606e+00
1.913540e+00
1.880822e+00
1.827559e+00
1.760313e+00
1.685365e+00
1.607749e+00
1.530976e+00
1.457209e+00
1.387598e+00
1.322618e+00
1.262332e+00
1.206573e+00
1.155056e+00
1.107446e+00
1.063403e+00
1.022598e+00
9.847236e-01
9.495012e-01
9.166788e-01
8.860309e-01
8.573566e-01
8.304769e-01
8.052324e-01
7.814813e-01
7.590969e-01
7.379662e-01
7.179878e-01
6.990710e-01
6.811339e-01
6.641030e-01
6.479116e-01
6.324995e-01
6.178121e-01
6.037996e-01
5.904168e-01
5.776221e-01
5.653779e-01
5.536493e-01
5.424046e-01
5.316144e-01
5.212517e-01
5.112917e-01
5.017112e-01
1.291495e+00
4.566251e+00
5.765744e-01
9.159825e-01
1.290525e+00
1.522850e+00
1.710297e+00
7.102229e-01
1.340106e+00
1.595889e+00
1.525080e+00
1.394889e+00
1.044552e+00
8.786882e-01
1.369400e+00
2.172177e+00
4.826935e-01
1.470002e+00
1.786028e+00
1.896608e+00
1.944293e+00
1.955088e+00
1.937488e+00
1.896841e+00
1.838575e+00
1.768453e+00
1.691909e+00
1.613376e+00
1.536019e+00
1.461817e+00
1.391834e+00
1.326509e+00
1.265892e+00
1.209814e+00
1.157991e+00
1.110092e+00
1.065778e+00
1.024722e+00
9.866163e-01
9.511833e-01
9.181699e-01
8.873498e-01
8.585209e-01
8.315029e-01
8.061350e-01
7.822740e-01
7.597919e-01
7.385745e-01
7.185193e-01
6.995344e-01
6.815371e-01
6.644529e-01
6.482143e-01
6.327606e-01
6.180363e-01
6.039913e-01
5.905796e-01
5.777595e-01
5.654928e-01
5.537443e-01
5.424821e-01
5.316764e-01
5.213001e-01
5.113280e-01
5.017369e-01
1.429165e+00
1.269802e+00
1.063602e+00
1.151817e+00
1.346410e+00
1.472417e+00
1.490983e+00
1.293961e+00
1.344546e+00
1.720507e+00
1.475463e+00
1.277216e+00
9.342326e-01
4.931620e-01
1.324568e+00
2.391344e-01
-2.185586e+00
1.289708e+00
1.811260e+00
1.950527e+00
1.990198e+00
1.986803e+00
1.956769e+00
1.907347e+00
1.843752e+00
1.770829e+00
1.693047e+00
1.614115e+00
1.536739e+00
1.462651e+00
1.392796e+00
1.327564e+00
1.266993e+00
1.210916e+00
1.159058e+00
1.111100e+00
1.066709e+00
1.025567e+00
9.873719e-01
9.518495e-01
9.187496e-01
8.878479e-01
8.589430e-01
8.318553e-01
8.064243e-01
7.825064e-01
7.599737e-01
7.387113e-01
7.186164e-01
6.995967e-01
6.815689e-01
6.644582e-01
6.481968e-01
6.327233e-01
6.179821e-01
6.039227e-01
5.904988e-01
5.776684e-01
5.653931e-01
5.536376e-01
5.423695e-01
5.315592e-01
5.211793e-01
5.112044e-01
5.016113e-01
1.227089e+00
1.043666e+00
9.641826e-01
9.359400e-01
9.797808e-01
1.173070e+00
1.163892e+00
1.011199e+00
1.339326e+00
-4.374900e+00
1.457039e+00
1.417797e+00
1.114833e+00
-3.237647e-03
2.739280e+00
2.064674e+00
1.676328e+00
1.872609e+00
2.003486e+00
2.047290e+00
2.045492e+00
2.017544e+00
1.971657e+00
1.912325e+00
1.843129e+00
1.767550e+00
1.688918e+00
1.610097e+00
1.533251e+00
1.459805e+00
1.390556e+00
1.325836e+00
1.265671e+00
1.209903e+00
1.158273e+00
1.110476e+00
1.066199e+00
1.025132e+00
9.869864e-01
9.514940e-01
9.184111e-01
8.875175e-01
8.586151e-01
8.315265e-01
8.060928e-01
7.821715e-01
7.596354e-01
7.383702e-01
7.182733e-01
6.992524e-01
6.812245e-01
6.641147e-01
6.478550e-01
6.323842e-01
6.176464e-01
6.035910e-01
5.901718e-01
5.773466e-01
5.650768e-01
5.533272e-01
5.420654e-01
5.312614e-01
5.208880e-01
5.109197e-01
5.013333e-01
1.096497e+00
9.536097e-01
7.798965e-01
4.371856e-01
-1.051548e-01
4.227648e-01
1.100621e+00
1.425818e+00
1.820662e+00
1.571401e+00
2.023975e+00
1.779474e+00
1.685325e+00
2.835422e+00
1.257289e+00
1.684956e+00
3.036750e+00
2.381619e+00
2.226564e+00
2.158727e+00
2.103741e+00
2.046061e+00
1.982318e+00
1.912405e+00
1.837483e+00
1.759385e+00
1.680193e+00
1.601865e+00
1.525970e+00
1.453588e+00
1.385341e+00
1.321491e+00
1.262047e+00
1.206861e+00
1.155694e+00
1.108264e+00
1.064275e+00
1.023436e+00
9.854712e-01
9.501235e-01
9.171575e-01
8.863594e-01
8.575363e-01
8.305145e-01
8.051379e-01
7.812663e-01
7.587741e-01
7.375482e-01
7.174869e-01
6.984988e-01
6.805013e-01
6.634197e-01
6.471867e-01
6.317411e-01
6.170272e-01
6.029945e-01
5.895970e-01
5.767926e-01
5.645427e-01
5.528121e-01
5.415685e-01
5.307821e-01
5.204255e-01
5.104734e-01
5.009024e-01
1.240597e+00
1.036669e+00
7.398579e-01
1.498846e-01
-8.558298e-01
1.067215e-01
1.231344e+00
1.758582e+00
2.024547e+00
2.240570e+00
2.700777e+00
2.684063e+00
2.258445e+00
6.677550e+00
2.449715e+00
2.623494e+00
2.894221e+00
2.593346e+00
2.380877e+00
2.250452e+00
2.153406e+00
2.068724e+00
1.988008e+00
1.907957e+00
1.827611e+00
1.747235e+00
1.667718e+00
1.590137e+00
1.515471e+00
1.444441e+00
1.377482e+00
1.314771e+00
1.256297e+00
1.201919e+00
1.151416e+00
1.104530e+00
1.060986e+00
1.020514e+00
9.828513e-01
9.477554e-01
9.150008e-01
8.843819e-01
8.557121e-01
8.288227e-01
8.035616e-01
7.797918e-01
7.573900e-01
7.362451e-01
7.162569e-01
6.973352e-01
6.793984e-01
6.623726e-01
6.461911e-01
6.307933e-01
6.161238e-01
6.021326e-01
5.887739e-01
5.760059e-01
5.637903e-01
5.520919e-01
5.408787e-01
5.301210e-01
5.197915e-01
5.098651e-01
5.003185e-01
1.515585e+00
1.300845e+00
1.031883e+00
6.968852e-01
4.974814e-01
9.847447e-01
1.663480e+00
2.031647e+00
2.127492e+00
2.329454e+00
3.177488e+00
4.026306e+00
2.161849e+00
1.558687e+00
2.565270e+00
2.848061e+00
2.871800e+00
2.668483e+00
2.466059e+00
2.311286e+00
2.187722e+00
2.082478e+00
1.987743e+00
1.899061e+00
1.814097e+00
1.731882e+00
1.652290e+00
1.575634e+00
1.502355e+00
1.432843e+00
1.367347e+00
1.305957e+00
1.248632e+00
1.195232e+00
1.145555e+00
1.099360e+00
1.056397e+00
1.016412e+00
9.791621e-01
9.444162e-01
9.119609e-01
8.815997e-01
8.531534e-01
8.264594e-01
8.013702e-01
7.777527e-01
7.554867e-01
7.344636e-01
7.145853e-01
6.957632e-01
6.779171e-01
6.609743e-01
6.448691e-01
6.295414e-01
6.149368e-01
6.010058e-01
5.877029e-01
5.749869e-01
5.628199e-01
5.511669e-01
5.399962e-01
5.292783e-01
5.189863e-01
5.090951e-01
4.995817e-01
1.843929e+00
1.676701e+00
1.518724e+00
1.419140e+00
1.497634e+00
1.844116e+00
2.302072e+00
2.421459e+00
1.896028e+00
1.885064e+00
2.575229e+00
-6.642081e-01
2.535481e+00
2.640910e+00
2.863008e+00
2.951167e+00
2.871605e+00
2.700129e+00
2.512043e+00
2.345984e+00
2.205780e+00
2.086099e+00
1.980983e+00
1.885790e+00
1.797394e+00
1.713955e+00
1.634582e+00
1.558982e+00
1.487168e+00
1.419245e+00
1.355296e+00
1.295329e+00
1.239268e+00
1.186967e+00
1.138236e+00
1.092851e+00
1.050580e+00
1.011188e+00
9.744465e-01
9.401390e-01
9.080634e-01
8.780329e-01
8.498762e-01
8.234371e-01
7.985737e-01
7.751571e-01
7.530707e-01
7.322090e-01
7.124765e-01
6.937865e-01
6.760605e-01
6.592275e-01
6.432227e-01
6.279874e-01
6.134679e-01
5.996155e-01
5.863854e-01
5.737369e-01
5.616326e-01
5.500381e-01
5.389220e-01
5.282551e-01
5.180107e-01
5.081642e-01
4.986928e-01
2.185131e+00
2.073264e+00
1.997436e+00
1.996224e+00
2.136354e+00
2.490562e+00
3.324143e+00
3.341562e+00
2.089582e+00
4.145735e+00
6.085432e+00
1.606406e+00
3.132578e+00
3.179738e+00
3.189732e+00
3.113698e+00
2.945492e+00
2.740415e+00
2.539044e+00
2.360739e+00
2.208879e+00
2.079699e+00
1.967823e+00
1.868447e+00
1.777970e+00
1.694001e+00
1.615144e+00
1.540697e+00
1.470360e+00
1.404026e+00
1.341643e+00
1.283138e+00
1.228402e+00
1.177280e+00
1.129582e+00
1.085099e+00
1.043611e+00
1.004900e+00
9.687516e-01
9.349612e-01
9.033384e-01
8.737057e-01
8.459001e-01
8.197720e-01
7.951852e-01
7.720158e-01
7.501512e-01
7.294892e-01
7.099371e-01
6.914107e-01
6.738336e-01
6.571364e-01
6.412559e-01
6.261347e-01
6.117201e-01
5.979644e-01
5.848237e-01
5.722580e-01
5.602304e-01
5.487073e-01
5.376576e-01
5.270526e-01
5.168661e-01
5.070737e-01
4.976529e-01
2.521367e+00
2.450306e+00
2.408960e+00
2.420256e+00
2.537387e+00
2.828370e+00
2.816572e+00
-3.377977e+00
4.483696e+00
3.221169e+00
3.845352e+00
3.538081e+00
3.488596e+00
3.473126e+00
3.421326e+00
3.253486e+00
3.010763e+00
2.765819e+00
2.545280e+00
2.356546e+00
2.197902e+00
2.063989e+00
1.948925e+00
1.847664e+00
1.756400e+00
1.672527e+00
1.594422e+00
1.521165e+00
1.452268e+00
1.387475e+00
1.326628e+00
1.269587e+00
1.216203e+00
1.166306e+00
1.119703e+00
1.076192e+00
1.035563e+00
9.976085e-01
9.621257e-01
9.289227e-01
8.978186e-01
8.686453e-01
8.412476e-01
8.154829e-01
7.912209e-01
7.683427e-01
7.467399e-01
7.263141e-01
7.069758e-01
6.886434e-01
6.712429e-01
6.547068e-01
6.389738e-01
6.239877e-01
6.096974e-01
5.960561e-01
5.830211e-01
5.705531e-01
5.586161e-01
5.471770e-01
5.362053e-01
5.256731e-01
5.155544e-01
5.058253e-01
4.964637e-01
2.856386e+00
2.816289e+00
2.774141e+00
2.734444e+00
2.727506e+00
2.790417e+00
2.681166e+00
2.885144e+00
-9.960291e-01
1.677595e+00
2.962630e+00
3.309683e+00
3.414906e+00
3.467927e+00
3.439987e+00
3.259302e+00
3.001275e+00
2.746144e+00
2.521281e+00
2.331721e+00
2.173543e+00
2.040203e+00
1.925446e+00
1.824335e+00
1.733316e+00
1.649969e+00
1.572728e+00
1.500630e+00
1.433097e+00
1.369772e+00
1.310412e+00
1.254816e+00
1.202794e+00
1.154153e+00
1.108693e+00
1.066211e+00
1.026503e+00
9.893689e-01
9.546168e-01
9.220638e-01
8.915384e-01
8.628809e-01
8.359439e-01
8.105914e-01
7.866992e-01
7.641536e-01
7.428506e-01
7.226959e-01
7.036032e-01
6.854939e-01
6.682966e-01
6.519461e-01
6.363828e-01
6.215523e-01
6.074050e-01
5.938954e-01
5.809818e-01
5.686260e-01
5.567929e-01
5.454502e-01
5.345680e-01
5.241191e-01
5.140779e-01
5.044212e-01
4.951272e-01
3.208389e+00
3.207243e+00
3.145323e+00
3.008413e+00
2.800473e+00
2.439657e+00
2.019453e+00
2.040978e+00
3.911298e-01
1.626882e+00
2.666814e+00
3.042977e+00
3.212948e+00
3.288614e+00
3.264109e+00
3.118849e+00
2.900710e+00
2.672031e+00
2.464692e+00
2.287512e+00
2.138143e+00
2.010530e+00
1.898972e+00
1.799424e+00
1.709226e+00
1.626567e+00
1.550173e+00
1.479156e+00
1.412903e+00
1.350981e+00
1.293069e+00
1.238905e+00
1.188255e+00
1.140898e+00
1.096623e+00
1.055220e+00
1.016488e+00
9.802336e-01
9.462705e-01
9.144246e-01
8.845328e-01
8.564431e-01
8.300155e-01
8.051208e-01
7.816405e-01
7.594664e-01
7.384991e-01
7.186484e-01
6.998315e-01
6.819731e-01
6.650045e-01
6.488628e-01
6.334906e-01
6.188353e-01
6.048491e-01
5.914877e-01
5.787109e-01
5.664814e-01
5.547652e-01
5.435307e-01
5.327492e-01
5.223937e-01
5.124396e-01
5.028641e-01
4.936458e-01
3.596468e+00
3.662240e+00
3.576192e+00
3.312583e+00
2.937053e+00
2.411960e+00
1.851999e+00
1.989038e+00
2.074818e+00
2.294841e+00
2.623314e+00
2.848165e+00
2.980509e+00
3.039995e+00
3.017591e+00
2.909441e+00
2.743864e+00
2.560470e+00
2.386073e+00
2.231627e+00
2.097234e+00
1.978464e+00
1.871333e+00
1.773666e+00
1.684278e+00
1.602220e+00
1.526593e+00
1.456600e+00
1.391591e+00
1.331056e+00
1.274593e+00
1.221875e+00
1.172624e+00
1.126590e+00
1.083545e+00
1.043272e+00
1.005571e+00
9.702499e-01
9.371302e-01
9.060445e-01
8.768370e-01
8.493634e-01
8.234906e-01
7.990959e-01
7.760670e-01
7.543008e-01
7.337029e-01
7.141871e-01
6.956746e-01
6.780933e-01
6.613775e-01
6.454668e-01
6.303061e-01
6.158449e-01
6.020369e-01
5.888397e-01
5.762142e-01
5.641245e-01
5.525377e-01
5.414231e-01
5.307528e-01
5.205007e-01
5.106428e-01
5.011570e-01
4.920224e-01
4.015632e+00
4.197767e+00
4.043207e+00
3.606475e+00
3.122749e+00
2.694260e+00
2.381117e+00
2.320841e+00
2.369991e+00
2.456329e+00
2.574774e+00
2.682312e+00
2.756852e+00
2.788406e+00
2.766731e+00
2.690490e+00
2.574422e+00
2.440107e+00
2.304766e+00
2.177277e+00
2.058969e+00
1.948101e+00
1.843978e+00
1.747149e+00
1.658035e+00
1.576392e+00
1.501524e+00
1.432617e+00
1.368931e+00
1.309856e+00
1.254910e+00
1.203701e+00
1.155908e+00
1.111255e+00
1.069496e+00
1.030410e+00
9.937944e-01
9.594614e-01
9.272375e-01
8.969622e-01
8.684868e-01
8.416743e-01
8.163985e-01
7.925434e-01
7.700024e-01
7.486781e-01
7.284810e-01
7.093292e-01
6.911478e-01
6.738684e-01
6.574280e-01
6.417692e-01
6.268393e-01
6.125899e-01
5.989766e-01
5.859587e-01
5.734985e-01
5.615615e-01
5.501159e-01
5.391323e-01
5.285834e-01
5.184442e-01
5.086914e-01
4.993034e-01
4.902602e-01
4.323583e+00
4.852555e+00
4.357699e+00
3.691735e+00
3.192172e+00
2.832112e+00
2.593209e+00
2.474517e+00
2.438292e+00
2.446910e+00
2.480815e+00
2.520846e+00
2.550956e+00
2.559738e+00
2.539958e+00
2.491249e+00
2.420132e+00
2.334500e+00
2.239403e+00
2.137302e+00
2.030166e+00
1.921680e+00
1.816687e+00
1.718773e+00
1.629320e+00
1.548118e+00
1.474259e+00
1.406722e+00
1.344605e+00
1.287189e+00
1.233913e+00
1.184334e+00
1.138097e+00
1.094906e+00
1.054505e+00
1.016670e+00
9.811992e-01
9.479094e-01
9.166329e-01
8.872163e-01
8.595182e-01
8.334091e-01
8.087698e-01
7.854909e-01
7.634720e-01
7.426211e-01
7.228539e-01
7.040931e-01
6.862679e-01
6.693132e-01
6.531696e-01
6.377823e-01
6.231013e-01
6.090804e-01
5.956772e-01
5.828527e-01
5.705711e-01
5.587991e-01
5.475061e-01
5.366639e-01
5.262462e-01
5.162290e-01
5.065897e-01
4.973074e-01
4.883628e-01
4.097087e+00
4.499770e+00
4.099732e+00
3.522503e+00
3.102594e+00
2.803020e+00
2.597500e+00
2.469072e+00
2.398458e+00
2.366348e+00
2.357541e+00
2.359247e+00
2.360848e+00
2.354994e+00
2.339089e+00
2.315986e+00
2.289546e+00
2.255635e+00
2.201574e+00
2.118584e+00
2.011894e+00
1.896865e+00
1.786367e+00
1.685938e+00
1.596269e+00
1.516146e+00
1.443985e+00
1.378395e+00
1.318292e+00
1.262861e+00
1.211494e+00
1.163723e+00
1.119177e+00
1.077554e+00
1.038598e+00
1.002088e+00
9.678257e-01
9.356356e-01
9.053578e-01
8.768466e-01
8.499689e-01
8.246028e-01
8.006366e-01
7.779678e-01
7.565024e-01
7.361540e-01
7.168437e-01
6.984988e-01
6.810526e-01
6.644440e-01
6.486168e-01
6.335192e-01
6.191039e-01
6.053271e-01
5.921484e-01
5.795309e-01
5.674401e-01
5.558445e-01
5.447148e-01
5.340239e-01
5.237468e-01
5.138601e-01
5.043423e-01
4.951732e-01
4.863342e-01
3.559600e+00
3.675423e+00
3.512468e+00
3.199467e+00
2.906964e+00
2.675247e+00
2.503099e+00
2.381963e+00
2.301260e+00
2.250051e+00
2.218399e+00
2.197693e+00
2.181046e+00
2.164635e+00
2.150514e+00
2.149298e+00
2.172813e+00
2.206585e+00
2.202538e+00
2.128198e+00
2.000973e+00
1.866649e+00
1.747245e+00
1.644974e+00
1.556747e+00
1.479255e+00
1.409992e+00
1.347220e+00
1.289746e+00
1.236735e+00
1.187585e+00
1.141843e+00
1.099153e+00
1.059223e+00
1.021811e+00
9.867045e-01
9.537177e-01
9.226847e-01
8.934557e-01
8.658947e-01
8.398779e-01
8.152918e-01
7.920326e-01
7.700051e-01
7.491218e-01
7.293025e-01
7.104736e-01
6.925672e-01
6.755212e-01
6.592781e-01
6.437852e-01
6.289941e-01
6.148600e-01
6.013416e-01
5.884009e-01
5.760026e-01
5.641143e-01
5.527058e-01
5.417494e-01
5.312191e-01
5.210911e-01
5.113430e-01
5.019542e-01
4.929054e-01
4.841786e-01
3.093354e+00
3.121099e+00
3.032698e+00
2.860779e+00
2.671322e+00
2.501565e+00
2.362861e+00
2.255338e+00
2.174792e+00
2.115452e+00
2.071282e+00
2.036566e+00
2.006244e+00
1.976764e+00
1.949748e+00
1.944609e+00
2.014100e+00
2.170154e+00
2.261193e+00
2.191719e+00
1.991322e+00
1.820417e+00
1.692675e+00
1.592541e+00
1.509185e+00
1.436709e+00
1.371928e+00
1.313023e+00
1.258884e+00
1.208777e+00
1.162185e+00
1.118716e+00
1.078059e+00
1.039957e+00
1.004191e+00
9.705703e-01
9.389257e-01
9.091059e-01
8.809740e-01
8.544056e-01
8.292872e-01
8.055148e-01
7.829933e-01
7.616352e-01
7.413599e-01
7.220936e-01
7.037680e-01
6.863206e-01
6.696936e-01
6.538336e-01
6.386915e-01
6.242220e-01
6.103832e-01
5.971363e-01
5.844457e-01
5.722781e-01
5.606028e-01
5.493914e-01
5.386175e-01
5.282565e-01
5.182856e-01
5.086837e-01
4.994310e-01
4.905090e-01
4.819006e-01
2.732532e+00
2.730285e+00
2.670765e+00
2.564837e+00
2.438940e+00
2.315043e+00
2.204570e+00
2.111289e+00
2.034775e+00
1.972560e+00
1.921266e+00
1.876938e+00
1.834399e+00
1.784722e+00
1.709920e+00
1.590758e+00
1.563291e+00
1.957956e+00
2.158512e+00
2.252281e+00
1.956744e+00
1.747795e+00
1.619119e+00
1.527766e+00
1.453562e+00
1.388695e+00
1.329987e+00
1.275964e+00
1.225833e+00
1.179093e+00
1.135383e+00
1.094421e+00
1.055970e+00
1.019825e+00
9.858050e-01
9.537487e-01
9.235098e-01
8.949556e-01
8.679652e-01
8.424276e-01
8.182413e-01
7.953129e-01
7.735564e-01
7.528924e-01
7.332479e-01
7.145554e-01
6.967527e-01
6.797823e-01
6.635910e-01
6.481297e-01
6.333529e-01
6.192185e-01
6.056877e-01
5.927242e-01
5.802947e-01
5.683681e-01
5.569155e-01
5.459102e-01
5.353272e-01
5.251434e-01
5.153372e-01
5.058884e-01
4.967783e-01
4.879893e-01
4.795051e-01
2.448707e+00
2.435373e+00
2.389675e+00
2.316220e+00
2.226716e+00
2.133126e+00
2.043668e+00
1.962488e+00
1.890795e+00
1.828012e+00
1.772490e+00
1.721434e+00
1.668972e+00
1.598288e+00
1.450492e+00
9.804992e-01
-5.998584e-01
1.513351e+00
-2.798399e-01
2.453344e+00
1.938787e+00
1.655248e+00
1.530925e+00
1.453761e+00
1.391876e+00
1.336455e+00
1.284947e+00
1.236545e+00
1.190931e+00
1.147919e+00
1.107357e+00
1.069099e+00
1.033002e+00
9.989264e-01
9.667405e-01
9.363178e-01
9.075403e-01
8.802976e-01
8.544872e-01
8.300136e-01
8.067885e-01
7.847297e-01
7.637613e-01
7.438125e-01
7.248182e-01
7.067175e-01
6.894543e-01
6.729764e-01
6.572353e-01
6.421862e-01
6.277873e-01
6.140000e-01
6.007883e-01
5.881187e-01
5.759601e-01
5.642837e-01
5.530625e-01
5.422714e-01
5.318871e-01
5.218877e-01
5.122528e-01
5.029635e-01
4.940021e-01
4.853517e-01
4.769970e-01
2.217971e+00
2.200550e+00
2.162558e+00
2.106390e+00
2.037815e+00
1.963423e+00
1.888562e+00
1.816621e+00
1.749238e+00
1.686805e+00
1.628838e+00
1.573717e+00
1.516458e+00
1.439429e+00
1.274288e+00
7.211884e-01
-1.770623e+00
1.472659e+01
2.601088e+00
3.933079e+00
1.889598e+00
1.547405e+00
1.436850e+00
1.376233e+00
1.327460e+00
1.281939e+00
1.237992e+00
1.195517e+00
1.154676e+00
1.115605e+00
1.078362e+00
1.042944e+00
1.009309e+00
9.773890e-01
9.471047e-01
9.183700e-01
8.910980e-01
8.652033e-01
8.406036e-01
8.172205e-01
7.949796e-01
7.738112e-01
7.536495e-01
7.344332e-01
7.161047e-01
6.986105e-01
6.819005e-01
6.659279e-01
6.506492e-01
6.360237e-01
6.220136e-01
6.085835e-01
5.957004e-01
5.833337e-01
5.714547e-01
5.600366e-01
5.490544e-01
5.384848e-01
5.283059e-01
5.184973e-01
5.090400e-01
4.999160e-01
4.911086e-01
4.826021e-01
4.743818e-01
2.025060e+00
2.006317e+00
1.973126e+00
1.926919e+00
1.870817e+00
1.808585e+00
1.743617e+00
1.678418e+00
1.614562e+00
1.552908e+00
1.493825e+00
1.437042e+00
1.380162e+00
1.312162e+00
1.183805e+00
7.647139e-01
2.246132e-01
2.179306e+00
2.495425e+00
2.025982e+00
1.610497e+00
1.420048e+00
1.343916e+00
1.300422e+00
1.263573e+00
1.227155e+00
1.190393e+00
1.153717e+00
1.117646e+00
1.082563e+00
1.048702e+00
1.016190e+00
9.850755e-01
9.553617e-01
9.270214e-01
9.000099e-01
8.742728e-01
8.497509e-01
8.263832e-01
8.041090e-01
7.828688e-01
7.626055e-01
7.432643e-01
7.247929e-01
7.071423e-01
6.902658e-01
6.741196e-01
6.586625e-01
6.438558e-01
6.296632e-01
6.160505e-01
6.029861e-01
5.904398e-01
5.783837e-01
5.667915e-01
5.556386e-01
5.449021e-01
5.345602e-01
5.245928e-01
5.149807e-01
5.057063e-01
4.967528e-01
4.881043e-01
4.797463e-01
4.716648e-01
1.860516e+00
1.841587e+00
1.811662e+00
1.771662e+00
1.723396e+00
1.669102e+00
1.610946e+00
1.550730e+00
1.489837e+00
1.429364e+00
1.370309e+00
1.313605e+00
1.259386e+00
1.202838e+00
1.104527e+00
3.953222e-01
-2.096250e+01
3.725951e+00
2.137340e+00
1.603306e+00
1.394915e+00
1.302273e+00
1.258566e+00
1.229616e+00
1.202407e+00
1.173630e+00
1.143233e+00
1.111924e+00
1.080410e+00
1.049218e+00
1.018705e+00
9.890915e-01
9.605049e-01
9.330092e-01
9.066264e-01
8.813514e-01
8.571616e-01
8.340238e-01
8.118984e-01
7.907427e-01
7.705122e-01
7.511626e-01
7.326499e-01
7.149316e-01
6.979666e-01
6.817154e-01
6.661405e-01
6.512062e-01
6.368787e-01
6.231259e-01
6.099177e-01
5.972254e-01
5.850223e-01
5.732830e-01
5.619837e-01
5.511019e-01
5.406166e-01
5.305078e-01
5.207569e-01
5.113464e-01
5.022596e-01
4.934810e-01
4.849959e-01
4.767905e-01
4.688517e-01
1.718280e+00
1.699660e+00
1.672148e+00
1.636351e+00
1.593369e+00
1.544577e+00
1.491391e+00
1.435125e+00
1.376988e+00
1.318213e+00
1.260246e+00
1.204847e+00
1.153648e+00
1.105129e+00
1.035655e+00
7.671304e-01
2.305880e-01
1.224235e+00
1.492583e+00
1.341247e+00
1.250462e+00
1.207169e+00
1.183662e+00
1.164896e+00
1.144896e+00
1.122245e+00
1.097276e+00
1.070771e+00
1.043477e+00
1.015977e+00
9.886926e-01
9.619070e-01
9.358056e-01
9.105023e-01
8.860616e-01
8.625136e-01
8.398654e-01
8.181085e-01
7.972242e-01
7.771869e-01
7.579672e-01
7.395331e-01
7.218516e-01
7.048895e-01
6.886136e-01
6.729917e-01
6.579924e-01
6.435854e-01
6.297417e-01
6.164335e-01
6.036344e-01
5.913193e-01
5.794642e-01
5.680464e-01
5.570447e-01
5.464386e-01
5.362090e-01
5.263378e-01
5.168078e-01
5.076029e-01
4.987078e-01
4.901080e-01
4.817899e-01
4.737407e-01
4.659482e-01
1.594250e+00
1.576181e+00
1.550612e+00
1.517941e+00
1.478854e+00
1.434226e+00
1.385017e+00
1.332224e+00
1.276935e+00
1.220466e+00
1.164552e+00
1.111471e+00
1.063724e+00
1.022305e+00
9.812053e-01
9.255986e-01
9.161071e-01
1.064226e+00
1.168656e+00
1.166734e+00
1.144554e+00
1.128910e+00
1.117533e+00
1.105693e+00
1.091105e+00
1.073378e+00
1.053006e+00
1.030732e+00
1.007269e+00
9.831992e-01
9.589642e-01
9.348840e-01
9.111824e-01
8.880111e-01
8.654688e-01
8.436160e-01
8.224858e-01
8.020924e-01
7.824360e-01
7.635075e-01
7.452915e-01
7.277681e-01
7.109145e-01
6.947067e-01
6.791193e-01
6.641270e-01
6.497042e-01
6.358262e-01
6.224684e-01
6.096074e-01
5.972204e-01
5.852854e-01
5.737815e-01
5.626888e-01
5.519880e-01
5.416611e-01
5.316908e-01
5.220605e-01
5.127549e-01
5.037590e-01
4.950589e-01
4.866412e-01
4.784933e-01
4.706034e-01
4.629601e-01
1.485462e+00
1.468098e+00
1.444232e+00
1.414121e+00
1.378204e+00
1.337060e+00
1.291371e+00
1.241939e+00
1.189767e+00
1.136208e+00
1.083162e+00
1.033197e+00
9.893949e-01
9.546116e-01
9.305921e-01
9.208974e-01
9.394615e-01
9.902652e-01
1.037073e+00
1.057445e+00
1.061996e+00
1.061284e+00
1.057792e+00
1.051098e+00
1.040829e+00
1.027183e+00
1.010730e+00
9.921603e-01
9.721292e-01
9.511912e-01
9.297864e-01
9.082492e-01
8.868269e-01
8.656972e-01
8.449849e-01
8.247749e-01
8.051225e-01
7.860611e-01
7.676081e-01
7.497693e-01
7.325421e-01
7.159177e-01
6.998833e-01
6.844231e-01
6.695194e-01
6.551532e-01
6.413049e-01
6.279546e-01
6.150825e-01
6.026690e-01
5.906948e-01
5.791414e-01
5.679904e-01
5.572246e-01
5.468271e-01
5.367817e-01
5.270730e-01
5.176864e-01
5.086077e-01
4.998234e-01
4.913209e-01
4.830879e-01
4.751129e-01
4.673849e-01
4.598932e-01
1.389653e+00
1.373112e+00
1.350848e+00
1.323022e+00
1.289925e+00
1.251960e+00
1.209646e+00
1.163663e+00
1.114948e+00
1.064848e+00
1.015304e+00
9.689787e-01
9.291786e-01
8.994243e-01
8.828731e-01
8.822289e-01
8.990150e-01
9.287704e-01
9.594364e-01
9.817773e-01
9.950629e-01
1.001752e+00
1.003430e+00
1.000715e+00
9.939995e-01
9.837823e-01
9.706761e-01
9.553245e-01
9.383286e-01
9.202077e-01
9.013869e-01
8.822022e-01
8.629113e-01
8.437086e-01
8.247369e-01
8.060996e-01
7.878696e-01
7.700964e-01
7.528119e-01
7.360348e-01
7.197739e-01
7.040307e-01
6.888012e-01
6.740773e-01
6.598484e-01
6.461015e-01
6.328224e-01
6.199961e-01
6.076069e-01
5.956391e-01
5.840769e-01
5.729046e-01
5.621068e-01
5.516685e-01
5.415751e-01
5.318125e-01
5.223671e-01
5.132256e-01
5.043756e-01
4.958049e-01
4.875020e-01
4.794557e-01
4.716556e-01
4.640914e-01
4.567536e-01
1.305007e+00
1.289395e+00
1.268706e+00
1.243047e+00
1.212621e+00
1.177730e+00
1.138800e+00
1.096435e+00
1.051515e+00
1.005341e+00
9.597972e-01
9.174591e-01
8.815230e-01
8.553951e-01
8.419309e-01
8.425096e-01
8.560454e-01
8.782336e-01
9.026223e-01
9.238389e-01
9.395469e-01
9.495675e-01
9.544014e-01
9.546023e-01
9.507172e-01
9.433248e-01
9.330310e-01
9.204323e-01
9.060787e-01
8.904511e-01
8.739525e-01
8.569103e-01
8.395840e-01
8.221752e-01
8.048383e-01
7.876892e-01
7.708137e-01
7.542740e-01
7.381138e-01
7.223626e-01
7.070391e-01
6.921534e-01
6.777095e-01
6.637065e-01
6.501397e-01
6.370019e-01
6.242840e-01
6.119752e-01
6.000640e-01
5.885382e-01
5.773851e-01
5.665920e-01
5.561461e-01
5.460346e-01
5.362452e-01
5.267656e-01
5.175838e-01
5.086884e-01
5.000681e-01
4.917121e-01
4.836101e-01
4.757519e-01
4.681281e-01
4.607294e-01
4.535470e-01
1.230018e+00
1.215424e+00
1.196321e+00
1.172784e+00
1.144972e+00
1.113134e+00
1.077645e+00
1.039060e+00
9.982113e-01
9.563251e-01
9.151583e-01
8.770728e-01
8.449399e-01
8.217306e-01
8.097564e-01
8.097700e-01
8.203529e-01
8.380452e-01
8.584185e-01
8.776047e-01
8.932309e-01
9.043334e-01
9.107983e-01
9.129072e-01
9.111113e-01
9.059361e-01
8.979307e-01
8.876308e-01
8.755318e-01
8.620723e-01
8.476270e-01
8.325073e-01
8.169664e-01
8.012065e-01
7.853867e-01
7.696303e-01
7.540317e-01
7.386622e-01
7.235746e-01
7.088069e-01
6.943858e-01
6.803290e-01
6.666472e-01
6.533454e-01
6.404248e-01
6.278831e-01
6.157155e-01
6.039156e-01
5.924754e-01
5.813858e-01
5.706375e-01
5.602201e-01
5.501234e-01
5.403369e-01
5.308501e-01
5.216526e-01
5.127342e-01
5.040847e-01
4.956943e-01
4.875535e-01
4.796530e-01
4.719839e-01
4.645374e-01
4.573052e-01
4.502792e-01
1.163403e+00
1.149898e+00
1.132396e+00
1.110963e+00
1.085735e+00
1.056939e+00
1.024925e+00
9.902178e-01
9.536003e-01
9.162098e-01
8.796344e-01
8.459503e-01
8.176040e-01
7.970374e-01
7.860494e-01
7.851031e-01
7.929622e-01
8.069489e-01
8.237545e-01
8.403721e-01
8.546806e-01
8.655261e-01
8.724935e-01
8.756246e-01
8.752100e-01
8.716618e-01
8.654385e-01
8.570003e-01
8.467809e-01
8.351710e-01
8.225116e-01
8.090919e-01
7.951524e-01
7.808897e-01
7.664621e-01
7.519957e-01
7.375895e-01
7.233206e-01
7.092479e-01
6.954160e-01
6.818578e-01
6.685970e-01
6.556498e-01
6.430267e-01
6.307333e-01
6.187718e-01
6.071416e-01
5.958396e-01
5.848614e-01
5.742008e-01
5.638511e-01
5.538046e-01
5.440533e-01
5.345887e-01
5.254022e-01
5.164851e-01
5.078286e-01
4.994242e-01
4.912633e-01
4.833375e-01
4.756386e-01
4.681587e-01
4.608900e-01
4.538249e-01
4.469562e-01
1.104055e+00
1.091686e+00
1.075789e+00
1.056432e+00
1.033746e+00
1.007950e+00
9.793824e-01
9.485450e-01
9.161702e-01
8.832930e-01
8.513110e-01
8.219872e-01
7.973225e-01
7.792392e-01
7.690935e-01
7.671889e-01
7.725573e-01
7.831793e-01
7.965512e-01
8.103095e-01
8.226446e-01
8.324226e-01
8.390970e-01
8.425417e-01
8.428942e-01
8.404398e-01
8.355336e-01
8.285514e-01
8.198597e-01
8.097971e-01
7.986660e-01
7.867286e-01
7.742077e-01
7.612893e-01
7.481265e-01
7.348438e-01
7.215415e-01
7.082992e-01
6.951798e-01
6.822322e-01
6.694938e-01
6.569928e-01
6.447499e-01
6.327798e-01
6.210922e-01
6.096930e-01
5.985849e-01
5.877682e-01
5.772413e-01
5.670008e-01
5.570424e-01
5.473607e-01
5.379497e-01
5.288028e-01
5.199133e-01
5.112739e-01
5.028774e-01
4.947165e-01
4.867838e-01
4.790722e-01
4.715744e-01
4.642835e-01
4.571925e-01
4.502947e-01
4.435835e-01
1.051013e+00
1.039800e+00
1.025491e+00
1.008158e+00
9.879377e-01
9.650483e-01
9.398190e-01
9.127285e-01
8.844530e-01
8.559152e-01
8.283149e-01
8.031054e-01
7.818715e-01
7.660777e-01
7.567189e-01
7.539956e-01
7.571842e-01
7.647947e-01
7.749518e-01
7.858185e-01
7.958997e-01
8.041664e-01
8.100360e-01
8.132793e-01
8.139129e-01
8.121066e-01
8.081149e-01
8.022294e-01
7.947477e-01
7.859548e-01
7.761117e-01
7.654502e-01
7.541719e-01
7.424484e-01
7.304240e-01
7.182184e-01
7.059300e-01
6.936386e-01
6.814086e-01
6.692913e-01
6.573270e-01
6.455473e-01
6.339760e-01
6.226313e-01
6.115260e-01
6.006692e-01
5.900665e-01
5.797208e-01
5.696331e-01
5.598025e-01
5.502267e-01
5.409025e-01
5.318257e-01
5.229916e-01
5.143948e-01
5.060296e-01
4.978902e-01
4.899705e-01
4.822643e-01
4.747655e-01
4.674678e-01
4.603651e-01
4.534513e-01
4.467204e-01
4.401667e-01
1.003438e+00
9.933748e-01
9.806087e-01
9.652205e-01
9.473514e-01
9.272201e-01
9.051455e-01
8.815771e-01
8.571280e-01
8.326034e-01
8.090094e-01
7.875157e-01
7.693473e-01
7.555950e-01
7.469741e-01
7.436163e-01
7.449929e-01
7.500221e-01
7.573176e-01
7.654742e-01
7.732879e-01
7.798688e-01
7.846540e-01
7.873627e-01
7.879267e-01
7.864230e-01
7.830180e-01
7.779257e-01
7.713789e-01
7.636095e-01
7.548369e-01
7.452613e-01
7.350608e-01
7.243901e-01
7.133822e-01
7.021495e-01
6.907861e-01
6.793697e-01
6.679645e-01
6.566224e-01
6.453853e-01
6.342868e-01
6.233531e-01
6.126045e-01
6.020567e-01
5.917209e-01
5.816052e-01
5.717150e-01
5.620532e-01
5.526211e-01
5.434183e-01
5.344434e-01
5.256939e-01
5.171665e-01
5.088574e-01
5.007623e-01
4.928765e-01
4.851951e-01
4.777130e-01
4.704250e-01
4.633258e-01
4.564101e-01
4.496726e-01
4.431081e-01
4.367113e-01
9.605994e-01
9.516563e-01
9.403643e-01
9.268120e-01
9.111447e-01
8.935777e-01
8.744150e-01
8.540704e-01
8.330882e-01
8.121572e-01
7.921041e-01
7.738529e-01
7.583353e-01
7.463525e-01
7.384138e-01
7.346050e-01
7.345449e-01
7.374551e-01
7.423212e-01
7.480823e-01
7.537891e-01
7.586972e-01
7.622953e-01
7.642881e-01
7.645556e-01
7.631068e-01
7.600370e-01
7.554941e-01
7.496526e-01
7.426956e-01
7.348027e-01
7.261428e-01
7.168696e-01
7.071200e-01
6.970139e-01
6.866546e-01
6.761301e-01
6.655146e-01
6.548702e-01
6.442484e-01
6.336913e-01
6.232332e-01
6.129020e-01
6.027195e-01
5.927031e-01
5.828661e-01
5.732182e-01
5.637669e-01
5.545167e-01
5.454708e-01
5.366305e-01
5.279958e-01
5.195657e-01
5.113384e-01
5.033113e-01
4.954814e-01
4.878451e-01
4.803986e-01
4.731377e-01
4.660581e-01
4.591553e-01
4.524250e-01
4.458624e-01
4.394631e-01
4.332225e-01
9.218631e-01
9.139897e-01
9.040824e-01
8.922353e-01
8.785942e-01
8.633668e-01
8.468366e-01
8.293769e-01
8.114615e-01
7.936688e-01
7.766674e-01
7.611781e-01
7.479028e-01
7.374265e-01
7.301111e-01
7.260134e-01
7.248600e-01
7.260932e-01
7.289748e-01
7.327115e-01
7.365661e-01
7.399313e-01
7.423617e-01
7.435726e-01
7.434181e-01
7.418620e-01
7.389465e-01
7.347661e-01
7.294460e-01
7.231263e-01
7.159502e-01
7.080571e-01
6.995771e-01
6.906290e-01
6.813189e-01
6.717398e-01
6.619728e-01
6.520870e-01
6.421416e-01
6.321862e-01
6.222622e-01
6.124041e-01
6.026401e-01
5.929932e-01
5.834817e-01
5.741203e-01
5.649204e-01
5.558906e-01
5.470371e-01
5.383644e-01
5.298752e-01
5.215709e-01
5.134519e-01
5.055174e-01
4.977661e-01
4.901960e-01
4.828045e-01
4.755888e-01
4.685457e-01
4.616716e-01
4.549629e-01
4.484158e-01
4.420265e-01
4.357911e-01
4.297055e-01
8.866807e-01
8.798111e-01
8.711843e-01
8.608971e-01
8.490915e-01
8.359637e-01
8.217726e-01
8.068480e-01
7.915958e-01
7.764942e-01
7.620782e-01
7.489055e-01
7.375029e-01
7.282980e-01
7.215493e-01
7.172956e-01
7.153414e-01
7.152874e-01
7.165973e-01
7.186812e-01
7.209726e-01
7.229851e-01
7.243422e-01
7.247842e-01
7.241586e-01
7.224020e-01
7.195197e-01
7.155654e-01
7.106247e-01
7.048012e-01
6.982066e-01
6.909533e-01
6.831495e-01
6.748965e-01
6.662865e-01
6.574022e-01
6.483167e-01
6.390936e-01
6.297880e-01
6.204471e-01
6.111108e-01
6.018127e-01
5.925811e-01
5.834392e-01
5.744061e-01
5.654971e-01
5.567248e-01
5.480987e-01
5.396264e-01
5.313133e-01
5.231635e-01
5.151793e-01
5.073623e-01
4.997128e-01
4.922305e-01
4.849142e-01
4.777625e-01
4.707732e-01
4.639440e-01
4.572722e-01
4.507547e-01
4.443886e-01
4.381705e-01
4.320971e-01
4.261651e-01
8.545802e-01
8.486380e-01
8.411791e-01
8.322993e-01
8.221342e-01
8.108647e-01
7.987228e-01
7.859953e-01
7.730247e-01
7.602023e-01
7.479531e-01
7.367071e-01
7.268602e-01
7.187264e-01
7.124927e-01
7.081867e-01
7.056689e-01
7.046531e-01
7.047496e-01
7.055204e-01
7.065334e-01
7.074040e-01
7.078209e-01
7.075562e-01
7.064625e-01
7.044638e-01
7.015411e-01
6.977189e-01
6.930520e-01
6.876146e-01
6.814915e-01
6.747718e-01
6.675441e-01
6.598931e-01
6.518980e-01
6.436311e-01
6.351574e-01
6.265346e-01
6.178133e-01
6.090376e-01
6.002452e-01
5.914687e-01
5.827354e-01
5.740685e-01
5.654873e-01
5.570075e-01
5.486422e-01
5.404020e-01
5.322950e-01
5.243277e-01
5.165050e-01
5.088303e-01
5.013059e-01
4.939332e-01
4.867126e-01
4.796439e-01
4.727264e-01
4.659588e-01
4.593393e-01
4.528661e-01
4.465367e-01
4.403487e-01
4.342995e-01
4.283863e-01
4.226061e-01
8.251573e-01
8.200604e-01
8.136533e-01
8.060288e-01
7.973130e-01
7.876700e-01
7.773039e-01
7.664611e-01
7.554271e-01
7.445203e-01
7.340765e-01
7.244277e-01
7.158726e-01
7.086439e-01
7.028787e-01
6.985982e-01
6.957032e-01
6.939879e-01
6.931684e-01
6.929200e-01
6.929140e-01
6.928491e-01
6.924721e-01
6.915883e-01
6.900627e-01
6.878159e-01
6.848149e-01
6.810642e-01
6.765957e-01
6.714605e-01
6.657218e-01
6.594487e-01
6.527125e-01
6.455834e-01
6.381283e-01
6.304098e-01
6.224849e-01
6.144052e-01
6.062167e-01
5.979599e-01
5.896701e-01
5.813782e-01
5.731104e-01
5.648893e-01
5.567340e-01
5.486605e-01
5.406820e-01
5.328096e-01
5.250520e-01
5.174165e-01
5.099084e-01
5.025322e-01
4.952908e-01
4.881863e-01
4.812199e-01
4.743922e-01
4.677031e-01
4.611519e-01
4.547377e-01
4.484591e-01
4.423144e-01
4.363016e-01
4.304187e-01
4.246633e-01
4.190330e-01
7.980671e-01
7.937313e-01
7.882617e-01
7.817455e-01
7.742984e-01
7.660661e-01
7.572266e-01
7.479887e-01
7.385892e-01
7.292854e-01
7.203430e-01
7.120187e-01
7.045395e-01
6.980799e-01
6.927422e-01
6.885437e-01
6.854142e-01
6.832055e-01
6.817102e-01
6.806872e-01
6.798871e-01
6.790752e-01
6.780479e-01
6.766421e-01
6.747387e-01
6.722607e-01
6.691686e-01
6.654538e-01
6.611323e-01
6.562376e-01
6.508153e-01
6.449185e-01
6.386038e-01
6.319285e-01
6.249487e-01
6.177176e-01
6.102851e-01
6.026966e-01
5.949935e-01
5.872126e-01
5.793867e-01
5.715443e-01
5.637107e-01
5.559074e-01
5.481530e-01
5.404632e-01
5.328516e-01
5.253291e-01
5.179051e-01
5.105872e-01
5.033814e-01
4.962924e-01
4.893241e-01
4.824791e-01
4.757591e-01
4.691655e-01
4.626987e-01
4.563587e-01
4.501450e-01
4.440568e-01
4.380931e-01
4.322522e-01
4.265327e-01
4.209326e-01
4.154501e-01
7.730161e-01
7.693586e-01
7.647168e-01
7.591714e-01
7.528262e-01
7.458096e-01
7.382747e-01
7.303973e-01
7.223727e-01
7.144085e-01
7.067152e-01
6.994924e-01
6.929140e-01
6.871125e-01
6.821658e-01
6.780888e-01
6.748323e-01
6.722894e-01
6.703082e-01
6.687093e-01
6.673037e-01
6.659092e-01
6.643635e-01
6.625322e-01
6.603124e-01
6.576335e-01
6.544540e-01
6.507579e-01
6.465501e-01
6.418513e-01
6.366938e-01
6.311174e-01
6.251667e-01
6.188879e-01
6.123277e-01
6.055310e-01
5.985408e-01
5.913969e-01
5.841361e-01
5.767916e-01
5.693933e-01
5.619679e-01
5.545387e-01
5.471263e-01
5.397486e-01
5.324210e-01
5.251566e-01
5.179667e-01
5.108607e-01
5.038464e-01
4.969303e-01
4.901175e-01
4.834123e-01
4.768178e-01
4.703364e-01
4.639698e-01
4.577190e-01
4.515845e-01
4.455664e-01
4.396643e-01
4.338775e-01
4.282052e-01
4.226460e-01
4.171986e-01
4.118614e-01
7.497549e-01
7.466967e-01
7.427804e-01
7.380793e-01
7.326857e-01
7.267114e-01
7.202870e-01
7.135598e-01
7.066904e-01
6.998464e-01
6.931949e-01
6.868921e-01
6.810727e-01
6.758386e-01
6.712502e-01
6.673212e-01
6.640173e-01
6.612615e-01
6.589424e-01
6.569263e-01
6.550697e-01
6.532319e-01
6.512840e-01
6.491166e-01
6.466426e-01
6.437991e-01
6.405460e-01
6.368637e-01
6.327498e-01
6.282159e-01
6.232842e-01
6.179844e-01
6.123509e-01
6.064210e-01
6.002330e-01
5.938246e-01
5.872327e-01
5.804918e-01
5.736344e-01
5.666903e-01
5.596864e-01
5.526473e-01
5.455947e-01
5.385479e-01
5.315239e-01
5.245376e-01
5.176017e-01
5.107274e-01
5.039240e-01
4.971995e-01
4.905607e-01
4.840130e-01
4.775609e-01
4.712080e-01
4.649572e-01
4.588104e-01
4.527692e-01
4.468345e-01
4.410068e-01
4.352862e-01
4.296724e-01
4.241649e-01
4.187628e-01
4.134652e-01
4.082708e-01
7.280722e-01
7.255392e-01
7.222546e-01
7.182840e-01
7.137085e-01
7.086247e-01
7.031433e-01
6.973875e-01
6.914890e-01
6.855834e-01
6.798040e-01
6.742739e-01
6.690984e-01
6.643571e-01
6.600978e-01
6.563331e-01
6.530399e-01
6.501628e-01
6.476199e-01
6.453113e-01
6.431284e-01
6.409624e-01
6.387118e-01
6.362879e-01
6.336182e-01
6.306482e-01
6.273407e-01
6.236749e-01
6.196445e-01
6.152546e-01
6.105201e-01
6.054626e-01
6.001087e-01
5.944882e-01
5.886323e-01
5.825726e-01
5.763404e-01
5.699657e-01
5.634768e-01
5.569003e-01
5.502603e-01
5.435793e-01
5.368773e-01
5.301723e-01
5.234802e-01
5.168153e-01
5.101898e-01
5.036146e-01
4.970990e-01
4.906510e-01
4.842773e-01
4.779836e-01
4.717748e-01
4.656546e-01
4.596262e-01
4.536920e-01
4.478539e-01
4.421131e-01
4.364706e-01
4.309268e-01
4.254817e-01
4.201353e-01
4.148870e-01
4.097361e-01
4.046818e-01
7.077883e-01
7.057128e-01
7.029752e-01
6.996338e-01
6.957592e-01
6.914344e-01
6.867531e-01
6.818176e-01
6.767363e-01
6.716192e-01
6.665730e-01
6.616956e-01
6.570703e-01
6.527599e-01
6.488032e-01
6.452120e-01
6.419711e-01
6.390408e-01
6.363612e-01
6.338575e-01
6.314475e-01
6.290472e-01
6.265769e-01
6.239653e-01
6.211527e-01
6.180927e-01
6.147521e-01
6.111105e-01
6.071594e-01
6.028999e-01
5.983415e-01
5.934998e-01
5.883953e-01
5.830516e-01
5.774941e-01
5.717492e-01
5.658432e-01
5.598021e-01
5.536506e-01
5.474120e-01
5.411083e-01
5.347594e-01
5.283839e-01
5.219983e-01
5.156176e-01
5.092552e-01
5.029229e-01
4.966311e-01
4.903889e-01
4.842042e-01
4.780838e-01
4.720334e-01
4.660580e-01
4.601617e-01
4.543477e-01
4.486189e-01
4.429773e-01
4.374246e-01
4.319620e-01
4.265901e-01
4.213095e-01
4.161202e-01
4.110222e-01
4.060150e-01
4.010980e-01
6.887508e-01
6.870713e-01
6.848053e-01
6.820039e-01
6.787285e-01
6.750499e-01
6.710469e-01
6.668049e-01
6.624129e-01
6.579606e-01
6.535339e-01
6.492113e-01
6.450593e-01
6.411283e-01
6.374500e-01
6.340358e-01
6.308763e-01
6.279432e-01
6.251928e-01
6.225693e-01
6.200103e-01
6.174511e-01
6.148293e-01
6.120882e-01
6.091788e-01
6.060623e-01
6.027097e-01
5.991022e-01
5.952304e-01
5.910928e-01
5.866953e-01
5.820490e-01
5.771697e-01
5.720759e-01
5.667884e-01
5.613291e-01
5.557203e-01
5.499842e-01
5.441423e-01
5.382152e-01
5.322224e-01
5.261819e-01
5.201106e-01
5.140237e-01
5.079352e-01
5.018575e-01
4.958020e-01
4.897785e-01
4.837959e-01
4.778619e-01
4.719832e-01
4.661656e-01
4.604141e-01
4.547329e-01
4.491255e-01
4.435948e-01
4.381432e-01
4.327727e-01
4.274845e-01
4.222798e-01
4.171592e-01
4.121231e-01
4.071718e-01
4.023049e-01
3.975223e-01
6.708293e-01
6.694911e-01
6.676301e-01
6.652911e-01
6.625270e-01
6.593980e-01
6.559705e-01
6.523157e-01
6.485069e-01
6.446172e-01
6.407166e-01
6.368684e-01
6.331262e-01
6.295309e-01
6.261092e-01
6.228716e-01
6.198131e-01
6.169140e-01
6.141422e-01
6.114564e-01
6.088093e-01
6.061513e-01
6.034335e-01
6.006110e-01
5.976442e-01
5.945008e-01
5.911560e-01
5.875932e-01
5.838028e-01
5.797822e-01
5.755345e-01
5.710679e-01
5.663941e-01
5.615282e-01
5.564868e-01
5.512883e-01
5.459514e-01
5.404952e-01
5.349383e-01
5.292988e-01
5.235941e-01
5.178403e-01
5.120527e-01
5.062453e-01
5.004310e-01
4.946214e-01
4.888271e-01
4.830577e-01
4.773215e-01
4.716260e-01
4.659779e-01
4.603828e-01
4.548458e-01
4.493712e-01
4.439625e-01
4.386229e-01
4.333549e-01
4.281605e-01
4.230414e-01
4.179990e-01
4.130340e-01
4.081471e-01
4.033388e-01
3.986091e-01
3.939579e-01
6.539127e-01
6.528671e-01
6.513529e-01
6.494089e-01
6.470806e-01
6.444192e-01
6.414805e-01
6.383238e-01
6.350098e-01
6.315985e-01
6.281470e-01
6.247067e-01
6.213214e-01
6.180250e-01
6.148396e-01
6.117756e-01
6.088307e-01
6.059917e-01
6.032353e-01
6.005309e-01
5.978429e-01
5.951331e-01
5.923638e-01
5.894992e-01
5.865077e-01
5.833628e-01
5.800438e-01
5.765358e-01
5.728303e-01
5.689238e-01
5.648180e-01
5.605186e-01
5.560348e-01
5.513783e-01
5.465630e-01
5.416040e-01
5.365171e-01
5.313187e-01
5.260250e-01
5.206518e-01
5.152145e-01
5.097277e-01
5.042050e-01
4.986593e-01
4.931024e-01
4.875453e-01
4.819977e-01
4.764687e-01
4.709664e-01
4.654978e-01
4.600696e-01
4.546872e-01
4.493556e-01
4.440792e-01
4.388616e-01
4.337060e-01
4.286151e-01
4.235911e-01
4.186358e-01
4.137507e-01
4.089368e-01
4.041951e-01
3.995261e-01
3.949301e-01
3.904073e-01
6.379054e-01
6.371097e-01
6.358915e-01
6.342845e-01
6.323275e-01
6.300640e-01
6.275410e-01
6.248079e-01
6.219151e-01
6.189122e-01
6.158458e-01
6.127584e-01
6.096859e-01
6.066564e-01
6.036890e-01
6.007934e-01
5.979697e-01
5.952090e-01
5.924948e-01
5.898047e-01
5.871118e-01
5.843871e-01
5.816013e-01
5.787264e-01
5.757372e-01
5.726122e-01
5.693341e-01
5.658905e-01
5.622735e-01
5.584798e-01
5.545099e-01
5.503680e-01
5.460612e-01
5.415990e-01
5.369926e-01
5.322547e-01
5.273989e-01
5.224390e-01
5.173890e-01
5.122631e-01
5.070746e-01
5.018367e-01
4.965617e-01
4.912614e-01
4.859465e-01
4.806271e-01
4.753125e-01
4.700112e-01
4.647307e-01
4.594780e-01
4.542593e-01
4.490801e-01
4.439452e-01
4.388589e-01
4.338249e-01
4.288465e-01
4.239264e-01
4.190669e-01
4.142701e-01
4.095375e-01
4.048703e-01
4.002697e-01
3.957363e-01
3.912706e-01
3.868730e-01
6.227247e-01
6.221417e-01
6.211757e-01
6.198557e-01
6.182150e-01
6.162903e-01
6.141214e-01
6.117495e-01
6.092166e-01
6.065637e-01
6.038294e-01
6.010487e-01
5.982516e-01
5.954616e-01
5.926954e-01
5.899619e-01
5.872627e-01
5.845926e-01
5.819400e-01
5.792884e-01
5.766180e-01
5.739067e-01
5.711320e-01
5.682720e-01
5.653068e-01
5.622191e-01
5.589949e-01
5.556238e-01
5.520990e-01
5.484172e-01
5.445787e-01
5.405865e-01
5.364461e-01
5.321652e-01
5.277532e-01
5.232208e-01
5.185793e-01
5.138408e-01
5.090175e-01
5.041216e-01
4.991652e-01
4.941599e-01
4.891169e-01
4.840467e-01
4.789594e-01
4.738643e-01
4.687699e-01
4.636841e-01
4.586142e-01
4.535669e-01
4.485479e-01
4.435626e-01
4.386159e-01
4.337119e-01
4.288542e-01
4.240463e-01
4.192908e-01
4.145903e-01
4.099466e-01
4.053617e-01
4.008368e-01
3.963732e-01
3.919717e-01
3.876330e-01
3.833575e-01
6.082993e-01
6.078965e-01
6.071448e-01
6.060691e-01
6.046977e-01
6.030620e-01
6.011952e-01
5.991321e-01
5.969076e-01
5.945560e-01
5.921093e-01
5.895967e-01
5.870432e-01
5.844689e-01
5.818882e-01
5.793096e-01
5.767358e-01
5.741640e-01
5.715864e-01
5.689911e-01
5.663636e-01
5.636872e-01
5.609448e-01
5.581194e-01
5.551955e-01
5.521593e-01
5.489995e-01
5.457077e-01
5.422780e-01
5.387079e-01
5.349970e-01
5.311479e-01
5.271649e-01
5.230545e-01
5.188244e-01
5.144837e-01
5.100421e-01
5.055099e-01
5.008979e-01
4.962168e-01
4.914773e-01
4.866898e-01
4.818643e-01
4.770105e-01
4.721375e-01
4.672539e-01
4.623676e-01
4.574861e-01
4.526162e-01
4.477640e-01
4.429354e-01
4.381355e-01
4.333687e-01
4.286394e-01
4.239511e-01
4.193071e-01
4.147102e-01
4.101630e-01
4.056674e-01
4.012254e-01
3.968384e-01
3.925078e-01
3.882344e-01
3.840192e-01
3.798628e-01
5.945665e-01
5.943159e-01
5.937460e-01
5.928780e-01
5.917361e-01
5.903469e-01
5.887385e-01
5.869401e-01
5.849809e-01
5.828897e-01
5.806932e-01
5.784159e-01
5.760789e-01
5.736993e-01
5.712899e-01
5.688587e-01
5.664090e-01
5.639398e-01
5.614461e-01
5.589198e-01
5.563501e-01
5.537248e-01
5.510308e-01
5.482553e-01
5.453861e-01
5.424125e-01
5.393254e-01
5.361182e-01
5.327862e-01
5.293272e-01
5.257409e-01
5.220293e-01
5.181961e-01
5.142467e-01
5.101877e-01
5.060266e-01
5.017720e-01
4.974329e-01
4.930185e-01
4.885385e-01
4.840021e-01
4.794189e-01
4.747978e-01
4.701475e-01
4.654765e-01
4.607927e-01
4.561033e-01
4.514154e-01
4.467354e-01
4.420690e-01
4.374219e-01
4.327988e-01
4.282043e-01
4.236424e-01
4.191166e-01
4.146302e-01
4.101861e-01
4.057867e-01
4.014341e-01
3.971304e-01
3.928770e-01
3.886753e-01
3.845265e-01
3.804314e-01
3.763907e-01
5.814716e-01
5.813492e-01
5.809331e-01
5.802415e-01
5.792952e-01
5.781166e-01
5.767296e-01
5.751587e-01
5.734285e-01
5.715632e-01
5.695853e-01
5.675154e-01
5.653714e-01
5.631683e-01
5.609171e-01
5.586254e-01
5.562970e-01
5.539323e-01
5.515283e-01
5.490795e-01
5.465784e-01
5.440159e-01
5.413825e-01
5.386682e-01
5.358640e-01
5.329614e-01
5.299535e-01
5.268351e-01
5.236024e-01
5.202538e-01
5.167892e-01
5.132102e-01
5.095202e-01
5.057235e-01
5.018259e-01
4.978340e-01
4.937551e-01
4.895971e-01
4.853682e-01
4.810767e-01
4.767312e-01
4.723399e-01
4.679111e-01
4.634527e-01
4.589723e-01
4.544773e-01
4.499744e-01
4.454701e-01
4.409705e-01
4.364810e-01
4.320068e-01
4.275527e-01
4.231229e-01
4.187214e-01
4.143516e-01
4.100167e-01
4.057196e-01
4.014627e-01
3.972482e-01
3.930781e-01
3.889541e-01
3.848774e-01
3.808494e-01
3.768711e-01
3.729432e-01
-1.812601e-01
-6.543452e-01
2.673289e+00
1.430247e+00
1.239770e+00
1.257120e+00
9.867981e-01
1.104911e+00
3.446735e+00
8.061925e-01
1.053413e+00
8.669812e-01
9.398861e-01
1.077699e+00
1.216181e+00
1.322445e+00
1.383064e+00
1.407485e+00
1.417765e+00
1.424816e+00
1.426063e+00
1.415470e+00
1.391240e+00
1.356643e+00
1.316580e+00
1.274856e+00
1.233613e+00
1.193800e+00
1.155723e+00
1.119401e+00
1.084751e+00
1.051668e+00
1.020052e+00
9.898189e-01
9.608979e-01
9.332277e-01
9.067540e-01
8.814263e-01
8.571967e-01
8.340187e-01
8.118467e-01
7.906357e-01
7.703417e-01
7.509215e-01
7.323329e-01
7.145351e-01
6.974886e-01
6.811554e-01
6.654992e-01
6.504851e-01
6.360800e-01
6.222524e-01
6.089725e-01
5.962120e-01
5.839443e-01
5.721439e-01
5.607873e-01
5.498518e-01
5.393163e-01
5.291609e-01
5.193668e-01
5.099162e-01
5.007925e-01
4.919799e-01
4.834637e-01
-2.391841e-01
-5.653535e+00
6.601607e+00
2.205632e+00
-1.532545e+01
2.955584e+00
1.852749e+00
-1.200978e+01
-3.215283e+01
-1.499768e+01
3.719898e-01
1.284385e+00
1.248000e+00
1.402096e+00
1.484188e+00
1.525861e+00
1.556272e+00
1.587212e+00
1.585375e+00
1.584192e+00
1.579014e+00
1.554861e+00
1.508643e+00
1.450633e+00
1.390547e+00
1.333384e+00
1.280720e+00
1.232518e+00
1.188208e+00
1.147157e+00
1.108829e+00
1.072813e+00
1.038803e+00
1.006578e+00
9.759701e-01
9.468524e-01
9.191228e-01
8.926961e-01
8.674977e-01
8.434607e-01
8.205233e-01
7.986276e-01
7.777187e-01
7.577445e-01
7.386553e-01
7.204041e-01
7.029458e-01
6.862377e-01
6.702394e-01
6.549127e-01
6.402213e-01
6.261310e-01
6.126096e-01
5.996268e-01
5.871540e-01
5.751644e-01
5.636326e-01
5.525350e-01
5.418491e-01
5.315541e-01
5.216301e-01
5.120587e-01
5.028225e-01
4.939049e-01
4.852906e-01
1.570958e-01
6.221541e+00
1.116073e+01
8.433599e+00
-4.283263e+00
-2.581237e-01
-3.150123e+00
4.039274e-01
1.309451e-01
-6.245565e+00
1.020214e+01
5.607237e+00
2.273755e+00
1.787116e+00
2.085013e+00
2.862774e+00
2.443607e+00
1.795562e+00
1.796720e+00
1.799046e+00
1.796316e+00
1.753094e+00
1.665774e+00
1.567457e+00
1.476836e+00
1.398559e+00
1.331565e+00
1.273484e+00
1.222150e+00
1.175918e+00
1.133630e+00
1.094485e+00
1.057937e+00
1.023605e+00
9.912182e-01
9.605785e-01
9.315325e-01
9.039575e-01
8.777510e-01
8.528239e-01
8.290968e-01
8.064976e-01
7.849598e-01
7.644215e-01
7.448249e-01
7.261158e-01
7.082433e-01
6.911596e-01
6.748199e-01
6.591821e-01
6.442067e-01
6.298566e-01
6.160972e-01
6.028958e-01
5.902219e-01
5.780470e-01
5.663444e-01
5.550888e-01
5.442568e-01
5.338263e-01
5.237766e-01
5.140885e-01
5.047436e-01
4.957248e-01
4.870162e-01
5.093912e-01
8.682196e+00
8.549765e+00
8.354466e+00
3.936375e+00
2.359062e+00
-4.937441e+00
-9.139176e-01
1.921992e+01
-1.123650e+01
1.945291e+00
-1.361155e+00
3.255296e+00
4.375021e+00
3.781803e+00
4.585114e+00
3.995390e+00
2.605888e+00
2.021239e+00
2.051113e+00
2.078005e+00
2.020598e+00
1.858824e+00
1.698744e+00
1.568253e+00
1.465386e+00
1.382911e+00
1.314633e+00
1.256215e+00
1.204804e+00
1.158552e+00
1.116262e+00
1.077144e+00
1.040668e+00
1.006463e+00
9.742638e-01
9.438675e-01
9.151155e-01
8.878769e-01
8.620406e-01
8.375093e-01
8.141960e-01
7.920220e-01
7.709150e-01
7.508086e-01
7.316411e-01
7.133554e-01
6.958982e-01
6.792201e-01
6.632750e-01
6.480199e-01
6.334146e-01
6.194220e-01
6.060070e-01
5.931371e-01
5.807821e-01
5.689136e-01
5.575051e-01
5.465319e-01
5.359707e-01
5.258001e-01
5.159997e-01
5.065506e-01
4.974349e-01
4.886361e-01
4.304177e+00
1.790910e+01
1.640761e+01
7.056321e+00
4.533862e+00
1.268025e+01
1.489525e+01
7.795506e-01
1.019274e+01
-5.235163e+00
-6.932614e+00
-8.071246e+00
7.030561e+00
8.205969e+00
4.915118e+00
5.094562e+00
4.487623e+00
2.886818e+00
2.184007e+00
2.189074e+00
2.264911e+00
2.304956e+00
2.044673e+00
1.818466e+00
1.650645e+00
1.526215e+00
1.430506e+00
1.353501e+00
1.288912e+00
1.232866e+00
1.182965e+00
1.137702e+00
1.096104e+00
1.057524e+00
1.021516e+00
9.877569e-01
9.560043e-01
9.260672e-01
8.977892e-01
8.710378e-01
8.456984e-01
8.216691e-01
7.988587e-01
7.771845e-01
7.565711e-01
7.369491e-01
7.182549e-01
7.004296e-01
6.834189e-01
6.671726e-01
6.516440e-01
6.367899e-01
6.225704e-01
6.089482e-01
5.958887e-01
5.833597e-01
5.713314e-01
5.597758e-01
5.486670e-01
5.379807e-01
5.276943e-01
5.177868e-01
5.082383e-01
4.990305e-01
4.901459e-01
1.905854e+00
4.305502e+00
8.782459e+00
1.692934e+00
2.769176e+00
1.113295e+01
1.459601e+01
1.276335e+01
9.354549e-01
-3.985495e+01
-2.403369e+01
9.676946e+00
2.607399e+01
2.014897e+01
1.061890e+01
6.910277e+00
3.809301e+00
2.391318e+00
2.291032e+00
2.394243e+00
2.502525e+00
2.272542e+00
2.114869e+00
1.887261e+00
1.707533e+00
1.573310e+00
1.470374e+00
1.387884e+00
1.318928e+00
1.259270e+00
1.206304e+00
1.158402e+00
1.114515e+00
1.073940e+00
1.036188e+00
1.000904e+00
9.678157e-01
9.367064e-01
9.073980e-01
8.797392e-01
8.535986e-01
8.288605e-01
8.054214e-01
7.831879e-01
7.620757e-01
7.420077e-01
7.229136e-01
7.047289e-01
6.873942e-01
6.708552e-01
6.550616e-01
6.399671e-01
6.255288e-01
6.117071e-01
5.984654e-01
5.857698e-01
5.735886e-01
5.618926e-01
5.506546e-01
5.398493e-01
5.294531e-01
5.194441e-01
5.098016e-01
5.005067e-01
4.915413e-01
1.062266e-02
2.325400e+00
3.570671e+00
7.989020e-01
1.492389e+00
2.433180e+00
-2.881910e+00
2.901691e+00
2.082493e+01
1.632265e+01
4.037726e+00
2.174487e+01
3.892873e+01
3.007006e+01
1.937986e+01
9.045188e+00
2.985994e+00
2.293776e+00
2.277801e+00
2.619408e+00
2.787488e+00
2.248581e+00
2.101984e+00
1.901298e+00
1.733688e+00
1.603318e+00
1.500523e+00
1.416559e+00
1.345465e+00
1.283457e+00
1.228155e+00
1.178041e+00
1.132117e+00
1.089701e+00
1.050303e+00
1.013557e+00
9.791759e-01
9.469260e-01
9.166121e-01
8.880665e-01
8.611430e-01
8.357126e-01
8.116600e-01
7.888819e-01
7.672848e-01
7.467840e-01
7.273027e-01
7.087707e-01
6.911238e-01
6.743033e-01
6.582554e-01
6.429305e-01
6.282831e-01
6.142713e-01
6.008563e-01
5.880023e-01
5.756762e-01
5.638474e-01
5.524875e-01
5.415700e-01
5.310705e-01
5.209660e-01
5.112355e-01
5.018590e-01
4.928181e-01
-2.246012e+00
1.709429e+01
8.514540e+00
-9.187911e-01
-2.641464e-01
-5.957749e+00
-1.556774e+01
3.102962e+00
1.444064e+01
2.128697e+01
1.622565e+01
2.323553e+01
3.358202e+01
2.530287e+01
1.798598e+01
1.080184e+01
3.654706e+00
2.155860e+00
2.125597e+00
2.197733e+00
2.207871e+00
2.191638e+00
2.039055e+00
1.876309e+00
1.734897e+00
1.618222e+00
1.521542e+00
1.439595e+00
1.368394e+00
1.305227e+00
1.248296e+00
1.196401e+00
1.148710e+00
1.104627e+00
1.063700e+00
1.025575e+00
9.899633e-01
9.566211e-01
9.253409e-01
8.959417e-01
8.682643e-01
8.421673e-01
8.175245e-01
7.942229e-01
7.721604e-01
7.512451e-01
7.313935e-01
7.125299e-01
6.945854e-01
6.774973e-01
6.612079e-01
6.456648e-01
6.308197e-01
6.166285e-01
6.030502e-01
5.900474e-01
5.775854e-01
5.656322e-01
5.541583e-01
5.431362e-01
5.325404e-01
5.223473e-01
5.125350e-01
5.030830e-01
4.939722e-01
3.021603e-01
1.028800e+01
5.809592e+00
-1.261989e+01
-2.779561e-01
1.885619e+00
3.504291e+00
7.998489e+00
-2.539237e-01
-5.023732e+00
1.083391e+01
1.842885e+01
1.491616e+01
1.386031e+01
1.242791e+01
9.231857e+00
3.347031e+00
1.883749e+00
1.950172e+00
1.969252e+00
2.019333e+00
2.036101e+00
1.945705e+00
1.831792e+00
1.721985e+00
1.623326e+00
1.535922e+00
1.458106e+00
1.388153e+00
1.324686e+00
1.266677e+00
1.213360e+00
1.164146e+00
1.118567e+00
1.076237e+00
1.036829e+00
1.000062e+00
9.656902e-01
9.334963e-01
9.032885e-01
8.748963e-01
8.481674e-01
8.229654e-01
7.991680e-01
7.766653e-01
7.553583e-01
7.351573e-01
7.159814e-01
6.977571e-01
6.804176e-01
6.639020e-01
6.481548e-01
6.331252e-01
6.187666e-01
6.050364e-01
5.918954e-01
5.793075e-01
5.672393e-01
5.556602e-01
5.445416e-01
5.338572e-01
5.235828e-01
5.136955e-01
5.041743e-01
4.949996e-01
-1.946641e-01
2.149341e+01
2.492789e+01
6.175345e+00
8.648691e+00
1.967807e+01
3.746177e+01
1.504108e+01
-1.248330e+01
-2.722890e+01
-1.365136e+00
-1.268439e+01
-1.485326e+01
2.832294e+00
5.552411e+00
1.781061e+00
-2.692895e+00
1.439982e+00
1.743049e+00
1.869372e+00
1.916261e+00
1.913006e+00
1.862035e+00
1.787733e+00
1.706016e+00
1.624624e+00
1.546789e+00
1.473650e+00
1.405461e+00
1.342111e+00
1.283345e+00
1.228854e+00
1.178311e+00
1.131391e+00
1.087784e+00
1.047198e+00
1.009364e+00
9.740370e-01
9.409936e-01
9.100333e-01
8.809753e-01
8.536576e-01
8.279345e-01
8.036756e-01
7.807633e-01
7.590921e-01
7.385667e-01
7.191012e-01
7.006177e-01
6.830458e-01
6.663212e-01
6.503858e-01
6.351863e-01
6.206742e-01
6.068047e-01
5.935373e-01
5.808343e-01
5.686612e-01
5.569863e-01
5.457801e-01
5.350155e-01
5.246674e-01
5.147124e-01
5.051289e-01
4.958968e-01
-4.525876e-01
1.616746e+01
1.295753e+01
7.365381e+00
7.610424e+00
1.256699e+01
1.405178e+01
4.769945e+00
3.944339e+01
1.994904e+01
1.012862e-01
-2.504374e+01
-1.397482e+01
4.600817e+00
5.071981e+00
-3.254107e+00
-9.431074e+00
-4.696403e-01
1.573692e+00
1.733197e+00
1.800893e+00
1.819880e+00
1.800536e+00
1.755063e+00
1.694500e+00
1.626731e+00
1.556770e+00
1.487622e+00
1.420991e+00
1.357772e+00
1.298357e+00
1.242833e+00
1.191105e+00
1.142981e+00
1.098222e+00
1.056569e+00
1.017766e+00
9.815704e-01
9.477532e-01
9.161065e-01
8.864408e-01
8.585855e-01
8.323867e-01
8.077062e-01
7.844201e-01
7.624166e-01
7.415955e-01
7.218662e-01
7.031470e-01
6.853639e-01
6.684499e-01
6.523440e-01
6.369910e-01
6.223401e-01
6.083453e-01
5.949641e-01
5.821579e-01
5.698909e-01
5.581304e-01
5.468460e-01
5.360100e-01
5.255965e-01
5.155815e-01
5.059429e-01
4.966601e-01
7.962466e-01
7.222322e+00
3.715806e+00
1.976172e+00
-2.287823e+00
4.434417e+00
6.802890e+00
1.267172e+01
2.523009e+01
1.607713e+01
2.860352e+00
-4.931166e+00
-2.203720e+00
4.504394e+00
3.540870e+00
-8.805662e+00
-1.749667e+01
-2.555710e+00
1.349592e+00
1.607250e+00
1.719023e+00
1.763610e+00
1.765766e+00
1.738225e+00
1.691014e+00
1.632105e+00
1.567366e+00
1.500838e+00
1.435127e+00
1.371798e+00
1.311701e+00
1.255212e+00
1.202414e+00
1.153217e+00
1.107434e+00
1.064835e+00
1.025173e+00
9.882061e-01
9.537013e-01
9.214439e-01
8.912371e-01
8.629027e-01
8.362796e-01
8.112232e-01
7.876036e-01
7.653039e-01
7.442193e-01
7.242551e-01
7.053261e-01
6.873554e-01
6.702732e-01
6.540164e-01
6.385275e-01
6.237543e-01
6.096489e-01
5.961678e-01
5.832710e-01
5.709218e-01
5.590865e-01
5.477341e-01
5.368360e-01
5.263658e-01
5.162989e-01
5.066128e-01
4.972864e-01
-3.427485e+00
4.287558e-01
4.096667e+00
1.806489e+00
-9.082398e+00
-6.036314e+00
-2.852409e+01
-2.881387e+01
1.777639e+00
1.465416e+00
-1.042773e+01
-1.090431e+01
-3.794404e+00
8.505183e-01
-5.194986e-01
-2.257928e+01
-4.391560e+01
-7.511689e+00
1.250275e+00
1.562979e+00
1.692946e+00
1.746748e+00
1.756953e+00
1.736892e+00
1.695755e+00
1.641073e+00
1.578818e+00
1.513405e+00
1.447862e+00
1.384111e+00
1.323261e+00
1.265863e+00
1.212109e+00
1.161975e+00
1.115309e+00
1.071896e+00
1.031497e+00
9.938676e-01
9.587713e-01
9.259877e-01
8.953140e-01
8.665655e-01
8.395753e-01
8.141935e-01
7.902850e-01
7.677287e-01
7.464157e-01
7.262481e-01
7.071378e-01
6.890049e-01
6.717777e-01
6.553909e-01
6.397853e-01
6.249071e-01
6.107071e-01
5.971407e-01
5.841668e-01
5.717478e-01
5.598492e-01
5.484394e-01
5.374891e-01
5.269713e-01
5.168610e-01
5.071353e-01
4.977728e-01
9.276927e-01
5.907916e+00
4.274788e+00
2.103943e+00
-9.943801e-01
-4.566824e-02
-1.173035e+01
-2.067199e+01
1.615876e+00
2.204118e+00
-1.659731e+01
-1.143534e+01
4.005457e-01
1.395693e+00
1.141185e+00
-6.634133e+00
-1.772419e+01
-9.430398e-01
1.452358e+00
1.627595e+00
1.719576e+00
1.761551e+00
1.767920e+00
1.747168e+00
1.706471e+00
1.652352e+00
1.590365e+00
1.524837e+00
1.458857e+00
1.394453e+00
1.332830e+00
1.274613e+00
1.220047e+00
1.169134e+00
1.121742e+00
1.077664e+00
1.036661e+00
9.984881e-01
9.629054e-01
9.296878e-01
8.986278e-01
8.695359e-01
8.422407e-01
8.165879e-01
7.924387e-01
7.696684e-01
7.481651e-01
7.278281e-01
7.085666e-01
6.902991e-01
6.729515e-01
6.564569e-01
6.407548e-01
6.257901e-01
6.115124e-01
5.978761e-01
5.848392e-01
5.723635e-01
5.604137e-01
5.489575e-01
5.379653e-01
5.274094e-01
5.172647e-01
5.075076e-01
4.981165e-01
7.656782e-01
6.730321e+00
7.079315e+00
7.762507e+00
1.280414e+01
1.575305e+01
1.947506e+01
1.103425e+01
1.568506e+01
1.324393e+01
1.162128e+01
2.134504e+01
1.579655e+01
3.090518e+00
2.215111e+00
9.402117e-01
-1.773655e+00
1.951507e+00
1.615927e+00
1.706159e+00
1.765925e+00
1.792265e+00
1.789642e+00
1.763587e+00
1.719824e+00
1.663901e+00
1.600748e+00
1.534339e+00
1.467595e+00
1.402475e+00
1.340162e+00
1.281284e+00
1.226088e+00
1.174584e+00
1.126644e+00
1.082063e+00
1.040602e+00
1.002013e+00
9.660563e-01
9.325031e-01
9.011426e-01
8.717824e-01
8.442480e-01
8.183821e-01
7.940432e-01
7.711041e-01
7.494506e-01
7.289799e-01
7.095995e-01
6.912259e-01
6.737838e-01
6.572051e-01
6.414278e-01
6.263959e-01
6.120582e-01
5.983681e-01
5.852831e-01
5.727642e-01
5.607757e-01
5.492847e-01
5.382612e-01
5.276772e-01
5.175071e-01
5.077271e-01
4.983153e-01
9.033785e-01
7.459215e+00
1.221747e+01
2.120413e+01
3.342128e+01
2.551578e+01
2.162761e+01
1.305941e+01
1.356071e+01
1.149397e+01
1.159624e+01
1.265166e+01
6.487640e+00
2.683541e+00
2.186064e+00
-2.182022e+00
-7.536411e+00
5.085309e-01
1.667212e+00
1.763611e+00
1.814120e+00
1.828186e+00
1.815114e+00
1.781520e+00
1.732800e+00
1.673787e+00
1.608735e+00
1.541129e+00
1.473575e+00
1.407849e+00
1.345038e+00
1.285720e+00
1.230120e+00
1.178240e+00
1.129948e+00
1.085037e+00
1.043271e+00
1.004402e+00
9.681889e-01
9.344024e-01
9.028309e-01
8.732804e-01
8.455752e-01
8.195565e-01
7.950810e-01
7.720202e-01
7.502583e-01
7.296912e-01
7.102252e-01
6.917756e-01
6.742661e-01
6.576275e-01
6.417971e-01
6.267181e-01
6.123387e-01
5.986117e-01
5.854938e-01
5.729459e-01
5.609315e-01
5.494177e-01
5.383738e-01
5.277718e-01
5.175858e-01
5.077917e-01
4.983674e-01
8.859956e-01
2.397224e+00
2.437756e+00
6.569134e+00
1.747086e+01
2.133460e+01
1.729380e+01
1.283559e+01
7.304025e+00
-7.479055e-01
7.401395e+00
6.470760e+00
3.542275e+00
2.892161e+00
2.268361e+00
-5.465535e+00
-8.804093e+00
1.230924e+00
1.678346e+00
1.823363e+00
1.867125e+00
1.866676e+00
1.840967e+00
1.798197e+00
1.743420e+00
1.680683e+00
1.613471e+00
1.544664e+00
1.476455e+00
1.410360e+00
1.347319e+00
1.287830e+00
1.232080e+00
1.180054e+00
1.131614e+00
1.086556e+00
1.044643e+00
1.005631e+00
9.692809e-01
9.353654e-01
9.036738e-01
8.740128e-01
8.462068e-01
8.200967e-01
7.955391e-01
7.724048e-01
7.505775e-01
7.299523e-01
7.104350e-01
6.919403e-01
6.743911e-01
6.577178e-01
6.418572e-01
6.267518e-01
6.123495e-01
5.986027e-01
5.854678e-01
5.729052e-01
5.608783e-01
5.493538e-01
5.383009e-01
5.276913e-01
5.174990e-01
5.076997e-01
4.982712e-01
2.561589e-01
1.190766e+00
1.536237e+00
1.875943e+00
2.853506e+00
5.998393e+00
3.397515e+00
5.179599e+00
4.994883e+00
-7.885613e-01
2.239308e+01
1.294284e+01
7.962796e+00
6.875096e+00
4.642533e+00
-2.477985e-01
-8.101234e-01
1.591064e+00
1.858807e+00
1.928804e+00
1.932867e+00
1.907709e+00
1.865661e+00
1.812153e+00
1.750618e+00
1.683901e+00
1.614539e+00
1.544707e+00
1.476106e+00
1.409943e+00
1.346975e+00
1.287601e+00
1.231962e+00
1.180023e+00
1.131641e+00
1.086614e+00
1.044710e+00
1.005692e+00
9.693233e-01
9.353825e-01
9.036616e-01
8.739698e-01
8.461331e-01
8.199937e-01
7.954088e-01
7.722499e-01
7.504006e-01
7.297564e-01
7.102227e-01
6.917142e-01
6.741537e-01
6.574714e-01
6.416037e-01
6.264931e-01
6.120872e-01
5.983381e-01
5.852022e-01
5.726397e-01
5.606138e-01
5.490911e-01
5.380406e-01
5.274341e-01
5.172452e-01
5.074498e-01
4.980254e-01
4.858847e-01
1.007654e+00
1.182553e+00
1.222767e+00
1.157320e+00
1.527664e+00
2.171535e+00
2.490047e+00
4.852386e+00
8.948265e+00
1.450912e+01
4.774800e+00
1.365582e+01
2.743005e+01
1.273620e+01
4.598785e+00
5.725705e+00
2.309224e+00
2.124498e+00
2.056403e+00
2.003122e+00
1.947542e+00
1.887150e+00
1.822216e+00
1.753763e+00
1.683149e+00
1.611851e+00
1.541275e+00
1.472594e+00
1.406677e+00
1.344082e+00
1.285100e+00
1.229820e+00
1.178187e+00
1.130057e+00
1.085232e+00
1.043487e+00
1.004592e+00
9.683203e-01
9.344548e-01
9.027933e-01
8.731489e-01
8.453507e-01
8.192434e-01
7.946859e-01
7.715510e-01
7.497235e-01
7.290992e-01
7.095843e-01
6.910938e-01
6.735506e-01
6.568851e-01
6.410339e-01
6.259394e-01
6.115493e-01
5.978158e-01
5.846953e-01
5.721477e-01
5.601365e-01
5.486282e-01
5.375919e-01
5.269990e-01
5.168236e-01
5.070412e-01
4.976295e-01
1.019801e+00
1.139211e+00
1.151791e+00
1.063642e+00
9.725193e-01
1.385173e+00
1.950759e+00
2.353913e+00
2.692876e+00
5.729944e+00
5.319023e+00
-2.854419e-01
4.112407e+00
3.276814e+01
1.742056e+01
1.067248e+01
1.002018e+01
3.505197e+00
2.262238e+00
2.151741e+00
2.061074e+00
1.979877e+00
1.902697e+00
1.827141e+00
1.752354e+00
1.678325e+00
1.605507e+00
1.534555e+00
1.466126e+00
1.400755e+00
1.338805e+00
1.280459e+00
1.225758e+00
1.174628e+00
1.126924e+00
1.082454e+00
1.041005e+00
1.002355e+00
9.662875e-01
9.325929e-01
9.010755e-01
8.715540e-01
8.438616e-01
8.178464e-01
7.933702e-01
7.703075e-01
7.485448e-01
7.279795e-01
7.085184e-01
6.900774e-01
6.725802e-01
6.559575e-01
6.401464e-01
6.250895e-01
6.107349e-01
5.970349e-01
5.839460e-01
5.714284e-01
5.594458e-01
5.479646e-01
5.369540e-01
5.263857e-01
5.162336e-01
5.064736e-01
4.970832e-01
1.447305e+00
1.416328e+00
1.375548e+00
1.333318e+00
1.390263e+00
1.729272e+00
2.168750e+00
2.580002e+00
2.754225e+00
3.192356e+00
4.387595e+00
1.081980e+01
7.585364e+00
1.265381e+01
1.146287e+01
8.802873e+00
6.707254e+00
3.117120e+00
2.336564e+00
2.213471e+00
2.100696e+00
2.000720e+00
1.910126e+00
1.825900e+00
1.746048e+00
1.669473e+00
1.595741e+00
1.524852e+00
1.457006e+00
1.392449e+00
1.331369e+00
1.273860e+00
1.219917e+00
1.169453e+00
1.122322e+00
1.078342e+00
1.037310e+00
9.990151e-01
9.632501e-01
9.298151e-01
8.985218e-01
8.691950e-01
8.416730e-01
8.158080e-01
7.914651e-01
7.685217e-01
7.468664e-01
7.263982e-01
7.070257e-01
6.886657e-01
6.712429e-01
6.546888e-01
6.389413e-01
6.239435e-01
6.096439e-01
5.959952e-01
5.829544e-01
5.704819e-01
5.585416e-01
5.471002e-01
5.361271e-01
5.255942e-01
5.154755e-01
5.057470e-01
4.963864e-01
1.808704e+00
1.750233e+00
1.724826e+00
1.756817e+00
1.914665e+00
2.257914e+00
2.571953e+00
3.396060e+00
4.029449e+00
4.132157e+00
-5.241601e+00
-1.264838e+01
1.089137e+00
3.415240e+00
4.216112e+00
3.596326e+00
2.957442e+00
2.581243e+00
2.403308e+00
2.253047e+00
2.122510e+00
2.008793e+00
1.908458e+00
1.818090e+00
1.734882e+00
1.656881e+00
1.582951e+00
1.512576e+00
1.445610e+00
1.382078e+00
1.322037e+00
1.265509e+00
1.212458e+00
1.162785e+00
1.116347e+00
1.072969e+00
1.032457e+00
9.946137e-01
9.592403e-01
9.261463e-01
8.951513e-01
8.660866e-01
8.387963e-01
8.131371e-01
7.889779e-01
7.661994e-01
7.446927e-01
7.243592e-01
7.051092e-01
6.868610e-01
6.695407e-01
6.530808e-01
6.374201e-01
6.225027e-01
6.082775e-01
5.946980e-01
5.817215e-01
5.693091e-01
5.574248e-01
5.460359e-01
5.351120e-01
5.246252e-01
5.145498e-01
5.048621e-01
4.955399e-01
2.133806e+00
2.086259e+00
2.085757e+00
2.161855e+00
2.390319e+00
2.971310e+00
4.624530e+00
2.008109e+01
1.001168e+01
6.242578e+00
2.667417e+01
1.107248e+01
4.344129e+00
3.185311e+00
3.114413e+00
2.999581e+00
2.834740e+00
2.617381e+00
2.431757e+00
2.268828e+00
2.126937e+00
2.004371e+00
1.898080e+00
1.804296e+00
1.719546e+00
1.641241e+00
1.567761e+00
1.498259e+00
1.432372e+00
1.369988e+00
1.311079e+00
1.255619e+00
1.203545e+00
1.154752e+00
1.109097e+00
1.066410e+00
1.026507e+00
9.891977e-01
9.542947e-01
9.216155e-01
8.909871e-01
8.622475e-01
8.352466e-01
8.098460e-01
7.859187e-01
7.633489e-01
7.420309e-01
7.218684e-01
7.027739e-01
6.846677e-01
6.674774e-01
6.511368e-01
6.355858e-01
6.207696e-01
6.066380e-01
5.931452e-01
5.802492e-01
5.679116e-01
5.560970e-01
5.447730e-01
5.339098e-01
5.234799e-01
5.134577e-01
5.038199e-01
4.945446e-01
2.431697e+00
2.398909e+00
2.405651e+00
2.473771e+00
2.657875e+00
3.068146e+00
8.428992e+00
3.067829e+01
1.905475e+01
-6.775626e+00
1.909099e+01
1.073929e+01
4.529030e+00
3.237258e+00
3.144311e+00
3.003546e+00
2.821867e+00
2.621804e+00
2.432782e+00
2.263323e+00
2.115852e+00
1.989450e+00
1.881008e+00
1.786334e+00
1.701529e+00
1.623694e+00
1.551015e+00
1.482517e+00
1.417745e+00
1.356516e+00
1.298750e+00
1.244383e+00
1.193329e+00
1.145472e+00
1.100664e+00
1.058739e+00
1.019516e+00
9.828144e-01
9.484519e-01
9.162541e-01
8.860551e-01
8.576991e-01
8.310418e-01
8.059496e-01
7.823001e-01
7.599811e-01
7.388901e-01
7.189337e-01
7.000269e-01
6.820920e-01
6.650583e-01
6.488615e-01
6.334426e-01
6.187481e-01
6.047289e-01
5.913399e-01
5.785402e-01
5.662919e-01
5.545604e-01
5.433138e-01
5.325227e-01
5.221601e-01
5.122008e-01
5.026219e-01
4.934019e-01
2.709006e+00
2.687799e+00
2.682010e+00
2.699789e+00
2.771449e+00
2.946158e+00
4.921576e+00
2.165888e+01
1.342348e+01
-4.455644e+00
4.192807e+00
3.632687e+00
3.362792e+00
3.228415e+00
3.123705e+00
2.976876e+00
2.792233e+00
2.595198e+00
2.406434e+00
2.237495e+00
2.091877e+00
1.967577e+00
1.860714e+00
1.767022e+00
1.682862e+00
1.605606e+00
1.533602e+00
1.465927e+00
1.402114e+00
1.341931e+00
1.285245e+00
1.231951e+00
1.181928e+00
1.135040e+00
1.091127e+00
1.050021e+00
1.011541e+00
9.755092e-01
9.417500e-01
9.100945e-01
8.803827e-01
8.524649e-01
8.262020e-01
8.014654e-01
7.781372e-01
7.561090e-01
7.352818e-01
7.155653e-01
6.968770e-01
6.791416e-01
6.622905e-01
6.462611e-01
6.309961e-01
6.164432e-01
6.025545e-01
5.892863e-01
5.765982e-01
5.644535e-01
5.528181e-01
5.416609e-01
5.309531e-01
5.206681e-01
5.107814e-01
5.012702e-01
4.921137e-01
2.972483e+00
2.965574e+00
2.935840e+00
2.879006e+00
2.810466e+00
2.745793e+00
2.767175e+00
3.039432e+00
-3.588865e+00
-1.286205e+00
2.828495e+00
3.107771e+00
3.124830e+00
3.085658e+00
3.008926e+00
2.881742e+00
2.714894e+00
2.531206e+00
2.350895e+00
2.191942e+00
2.058230e+00
1.943015e+00
1.840999e+00
1.749101e+00
1.665283e+00
1.587995e+00
1.516097e+00
1.448820e+00
1.385679e+00
1.326368e+00
1.270670e+00
1.218410e+00
1.169418e+00
1.123522e+00
1.080547e+00
1.040309e+00
1.002628e+00
9.673240e-01
9.342259e-01
9.031689e-01
8.739983e-01
8.465697e-01
8.207490e-01
7.964127e-01
7.734469e-01
7.517476e-01
7.312193e-01
7.117748e-01
6.933346e-01
6.758259e-01
6.591823e-01
6.433431e-01
6.282529e-01
6.138609e-01
6.001205e-01
5.869892e-01
5.744278e-01
5.624004e-01
5.508739e-01
5.398178e-01
5.292041e-01
5.190068e-01
5.092019e-01
4.997672e-01
4.906822e-01
3.221343e+00
3.240955e+00
3.184732e+00
3.049461e+00
2.870109e+00
2.671227e+00
2.518771e+00
2.529380e+00
2.384803e+00
2.427251e+00
2.690187e+00
2.849958e+00
2.903235e+00
2.896718e+00
2.842472e+00
2.741011e+00
2.601406e+00
2.438741e+00
2.270253e+00
2.130244e+00
2.020357e+00
1.920375e+00
1.824629e+00
1.733854e+00
1.649222e+00
1.570903e+00
1.498411e+00
1.431090e+00
1.368364e+00
1.309786e+00
1.255013e+00
1.203771e+00
1.155824e+00
1.110955e+00
1.068961e+00
1.029644e+00
9.928155e-01
9.582958e-01
9.259140e-01
8.955090e-01
8.669307e-01
8.400395e-01
8.147063e-01
7.908122e-01
7.682481e-01
7.469137e-01
7.267176e-01
7.075758e-01
6.894119e-01
6.721557e-01
6.557434e-01
6.401164e-01
6.252210e-01
6.110083e-01
5.974332e-01
5.844545e-01
5.720342e-01
5.601375e-01
5.487321e-01
5.377886e-01
5.272796e-01
5.171797e-01
5.074657e-01
4.981158e-01
4.891100e-01
3.430992e+00
3.497753e+00
3.406109e+00
3.192953e+00
2.947644e+00
2.723888e+00
2.563841e+00
2.506821e+00
2.476461e+00
2.507929e+00
2.598976e+00
2.672417e+00
2.705870e+00
2.702012e+00
2.662210e+00
2.587157e+00
2.480583e+00
2.346094e+00
2.186689e+00
2.072725e+00
1.995440e+00
1.908143e+00
1.814042e+00
1.720982e+00
1.633588e+00
1.553261e+00
1.479726e+00
1.412180e+00
1.349813e+00
1.291972e+00
1.238155e+00
1.187979e+00
1.141130e+00
1.097345e+00
1.056391e+00
1.018054e+00
9.821371e-01
9.484582e-01
9.168471e-01
8.871461e-01
8.592092e-01
8.329014e-01
8.080985e-01
7.846866e-01
7.625610e-01
7.416258e-01
7.217933e-01
7.029833e-01
6.851223e-01
6.681433e-01
6.519849e-01
6.365908e-01
6.219095e-01
6.078937e-01
5.945002e-01
5.816890e-01
5.694237e-01
5.576703e-01
5.463980e-01
5.355779e-01
5.251836e-01
5.151906e-01
5.055762e-01
4.963192e-01
4.874003e-01
3.525474e+00
3.671016e+00
3.515515e+00
3.234109e+00
2.965180e+00
2.746612e+00
2.592724e+00
2.508197e+00
2.469036e+00
2.466928e+00
2.490462e+00
2.514615e+00
2.524908e+00
2.516639e+00
2.489234e+00
2.445075e+00
2.387361e+00
2.313868e+00
2.215279e+00
2.125756e+00
2.027573e+00
1.919848e+00
1.810914e+00
1.708601e+00
1.616044e+00
1.533187e+00
1.458734e+00
1.391238e+00
1.329495e+00
1.272606e+00
1.219915e+00
1.170935e+00
1.125292e+00
1.082682e+00
1.042848e+00
1.005561e+00
9.706210e-01
9.378425e-01
9.070575e-01
8.781118e-01
8.508638e-01
8.251835e-01
8.009519e-01
7.780600e-01
7.564078e-01
7.359038e-01
7.164646e-01
6.980136e-01
6.804809e-01
6.638022e-01
6.479190e-01
6.327774e-01
6.183283e-01
6.045262e-01
5.913296e-01
5.787003e-01
5.666030e-01
5.550052e-01
5.438771e-01
5.331909e-01
5.229211e-01
5.130439e-01
5.035375e-01
4.943812e-01
4.855563e-01
3.409149e+00
3.526676e+00
3.385282e+00
3.128981e+00
2.887624e+00
2.692559e+00
2.549900e+00
2.456788e+00
2.401782e+00
2.374577e+00
2.364928e+00
2.360989e+00
2.354448e+00
2.342498e+00
2.328589e+00
2.322982e+00
2.337797e+00
2.370033e+00
2.347780e+00
2.254235e+00
2.103731e+00
1.945253e+00
1.807081e+00
1.690920e+00
1.592785e+00
1.508280e+00
1.433947e+00
1.367354e+00
1.306859e+00
1.251360e+00
1.200100e+00
1.152537e+00
1.108263e+00
1.066954e+00
1.028339e+00
9.921875e-01
9.582955e-01
9.264807e-01
8.965783e-01
8.684389e-01
8.419261e-01
8.169158e-01
7.932943e-01
7.709580e-01
7.498119e-01
7.297695e-01
7.107513e-01
6.926849e-01
6.755037e-01
6.591470e-01
6.435590e-01
6.286885e-01
6.144884e-01
6.009157e-01
5.879306e-01
5.754965e-01
5.635797e-01
5.521490e-01
5.411758e-01
5.306335e-01
5.204973e-01
5.107445e-01
5.013539e-01
4.923059e-01
4.835820e-01
3.136122e+00
3.181623e+00
3.092420e+00
2.918272e+00
2.734782e+00
2.575805e+00
2.451201e+00
2.360508e+00
2.297990e+00
2.256570e+00
2.229003e+00
2.208373e+00
2.190183e+00
2.175296e+00
2.174782e+00
2.215144e+00
2.329148e+00
2.527091e+00
2.562709e+00
2.414886e+00
2.168567e+00
1.949602e+00
1.783737e+00
1.658400e+00
1.559033e+00
1.476090e+00
1.404053e+00
1.339792e+00
1.281479e+00
1.227987e+00
1.178574e+00
1.132715e+00
1.090016e+00
1.050159e+00
1.012882e+00
9.779593e-01
9.451935e-01
9.144082e-01
8.854456e-01
8.581627e-01
8.324302e-01
8.081302e-01
7.851555e-01
7.634082e-01
7.427988e-01
7.232458e-01
7.046744e-01
6.870162e-01
6.702085e-01
6.541938e-01
6.389194e-01
6.243370e-01
6.104019e-01
5.970731e-01
5.843130e-01
5.720866e-01
5.603619e-01
5.491092e-01
5.383009e-01
5.279117e-01
5.179179e-01
5.082976e-01
4.990305e-01
4.900976e-01
4.814813e-01
2.836055e+00
2.848226e+00
2.789322e+00
2.676480e+00
2.546302e+00
2.423718e+00
2.319799e+00
2.237114e+00
2.173673e+00
2.125493e+00
2.087908e+00
2.056462e+00
2.028565e+00
2.007594e+00
2.013762e+00
2.105382e+00
2.353337e+00
4.264402e+00
6.671373e+00
4.398628e+00
2.173735e+00
1.892652e+00
1.719349e+00
1.601438e+00
1.510805e+00
1.434975e+00
1.368344e+00
1.308222e+00
1.253188e+00
1.202401e+00
1.155297e+00
1.111460e+00
1.070560e+00
1.032322e+00
9.965096e-01
9.629153e-01
9.313556e-01
9.016664e-01
8.736998e-01
8.473223e-01
8.224128e-01
7.988612e-01
7.765674e-01
7.554400e-01
7.353955e-01
7.163577e-01
6.982565e-01
6.810281e-01
6.646137e-01
6.489594e-01
6.340157e-01
6.197370e-01
6.060813e-01
5.930100e-01
5.804873e-01
5.684803e-01
5.569585e-01
5.458937e-01
5.352597e-01
5.250323e-01
5.151890e-01
5.057087e-01
4.965722e-01
4.877611e-01
4.792586e-01
2.565197e+00
2.563307e+00
2.520816e+00
2.444666e+00
2.352223e+00
2.258888e+00
2.173798e+00
2.100668e+00
2.039656e+00
1.988893e+00
1.945402e+00
1.905595e+00
1.865855e+00
1.825076e+00
1.799541e+00
1.912030e+00
2.272530e+00
1.440664e+01
2.319088e+01
1.191105e+01
2.078036e+00
1.719683e+00
1.595071e+00
1.515265e+00
1.447399e+00
1.385164e+00
1.327142e+00
1.272887e+00
1.222152e+00
1.174715e+00
1.130353e+00
1.088840e+00
1.049959e+00
1.013503e+00
9.792785e-01
9.471095e-01
9.168339e-01
8.883046e-01
8.613876e-01
8.359612e-01
8.119144e-01
7.891463e-01
7.675646e-01
7.470851e-01
7.276308e-01
7.091312e-01
6.915215e-01
6.747423e-01
6.587392e-01
6.434618e-01
6.288641e-01
6.149033e-01
6.015403e-01
5.887386e-01
5.764648e-01
5.646878e-01
5.533787e-01
5.425111e-01
5.320600e-01
5.220025e-01
5.123171e-01
5.029840e-01
4.939846e-01
4.853015e-01
4.769186e-01
2.332131e+00
2.324199e+00
2.291026e+00
2.236005e+00
2.167762e+00
2.095303e+00
2.025142e+00
1.960786e+00
1.903300e+00
1.851990e+00
1.804717e+00
1.757336e+00
1.700755e+00
1.609524e+00
1.395254e+00
7.007508e-01
-1.342257e+01
1.862018e-01
7.288943e+00
-7.761833e-01
9.526636e-01
1.342184e+00
1.417902e+00
1.409900e+00
1.374558e+00
1.329640e+00
1.282013e+00
1.234647e+00
1.188866e+00
1.145234e+00
1.103944e+00
1.065001e+00
1.028325e+00
9.937933e-01
9.612689e-01
9.306132e-01
9.016927e-01
8.743813e-01
8.485624e-01
8.241281e-01
8.009796e-01
7.790259e-01
7.581838e-01
7.383770e-01
7.195352e-01
7.015941e-01
6.844944e-01
6.681817e-01
6.526056e-01
6.377198e-01
6.234816e-01
6.098515e-01
5.967928e-01
5.842718e-01
5.722571e-01
5.607196e-01
5.496323e-01
5.389702e-01
5.287098e-01
5.188296e-01
5.093091e-01
5.001296e-01
4.912734e-01
4.827241e-01
4.744662e-01
2.132455e+00
2.121914e+00
2.094341e+00
2.051682e+00
1.998533e+00
1.940171e+00
1.880964e+00
1.823730e+00
1.769736e+00
1.718872e+00
1.669491e+00
1.617106e+00
1.549480e+00
1.429129e+00
1.127179e+00
1.491062e-01
-1.792955e+01
1.446371e-01
-2.073675e+00
-4.392584e+00
9.491496e-01
1.187833e+00
1.290713e+00
1.316260e+00
1.303638e+00
1.273268e+00
1.235300e+00
1.194739e+00
1.154042e+00
1.114401e+00
1.076365e+00
1.040153e+00
1.005817e+00
9.733199e-01
9.425846e-01
9.135149e-01
8.860085e-01
8.599641e-01
8.352842e-01
8.118769e-01
7.896566e-01
7.685436e-01
7.484645e-01
7.293511e-01
7.111408e-01
6.937755e-01
6.772018e-01
6.613700e-01
6.462346e-01
6.317530e-01
6.178862e-01
6.045976e-01
5.918537e-01
5.796230e-01
5.678764e-01
5.565870e-01
5.457295e-01
5.352804e-01
5.252178e-01
5.155215e-01
5.061722e-01
4.971522e-01
4.884448e-01
4.800345e-01
4.719065e-01
1.960148e+00
1.948509e+00
1.924484e+00
1.889320e+00
1.845651e+00
1.796655e+00
1.745218e+00
1.693457e+00
1.642566e+00
1.592749e+00
1.542873e+00
1.489087e+00
1.420459e+00
1.306632e+00
1.069592e+00
5.852968e-01
-6.887071e+00
3.415467e+00
2.777706e+00
6.355500e-01
9.378692e-01
1.119223e+00
1.211301e+00
1.243612e+00
1.240981e+00
1.219633e+00
1.189019e+00
1.154349e+00
1.118419e+00
1.082704e+00
1.047958e+00
1.014546e+00
9.826253e-01
9.522335e-01
9.233489e-01
8.959173e-01
8.698692e-01
8.451287e-01
8.216193e-01
7.992660e-01
7.779973e-01
7.577458e-01
7.384480e-01
7.200448e-01
7.024811e-01
6.857056e-01
6.696707e-01
6.543320e-01
6.396485e-01
6.255817e-01
6.120961e-01
5.991585e-01
5.867380e-01
5.748059e-01
5.633354e-01
5.523014e-01
5.416806e-01
5.314512e-01
5.215927e-01
5.120862e-01
5.029137e-01
4.940585e-01
4.855049e-01
4.772383e-01
4.692448e-01
1.810170e+00
1.798113e+00
1.776460e+00
1.746059e+00
1.708522e+00
1.665833e+00
1.619923e+00
1.572366e+00
1.524225e+00
1.475934e+00
1.426933e+00
1.374384e+00
1.308847e+00
1.198758e+00
9.268012e-01
6.474733e-04
-1.142887e+01
1.045784e+00
3.385501e+00
9.092606e-01
1.028860e+00
1.115941e+00
1.169302e+00
1.190204e+00
1.187489e+00
1.170030e+00
1.144268e+00
1.114310e+00
1.082614e+00
1.050600e+00
1.019067e+00
9.884459e-01
9.589587e-01
9.307011e-01
9.036982e-01
8.779342e-01
8.533707e-01
8.299575e-01
8.076390e-01
7.863577e-01
7.660567e-01
7.466810e-01
7.281777e-01
7.104966e-01
6.935907e-01
6.774155e-01
6.619292e-01
6.470929e-01
6.328701e-01
6.192264e-01
6.061300e-01
5.935510e-01
5.814613e-01
5.698347e-01
5.586468e-01
5.478745e-01
5.374964e-01
5.274924e-01
5.178435e-01
5.085319e-01
4.995411e-01
4.908555e-01
4.824602e-01
4.743416e-01
4.664867e-01
1.678685e+00
1.666539e+00
1.646577e+00
1.619393e+00
1.586026e+00
1.547769e+00
1.505952e+00
1.461774e+00
1.416205e+00
1.369904e+00
1.322983e+00
1.274259e+00
1.219070e+00
1.143555e+00
1.013644e+00
7.982835e-01
-1.058828e+00
9.883287e-01
1.415414e+00
1.113070e+00
1.103500e+00
1.122457e+00
1.140742e+00
1.146857e+00
1.140201e+00
1.123873e+00
1.101273e+00
1.075062e+00
1.047071e+00
1.018478e+00
9.900128e-01
9.621132e-01
9.350298e-01
9.088970e-01
8.837765e-01
8.596857e-01
8.366146e-01
8.145372e-01
7.934180e-01
7.732170e-01
7.538917e-01
7.353994e-01
7.176979e-01
7.007462e-01
6.845050e-01
6.689368e-01
6.540058e-01
6.396784e-01
6.259226e-01
6.127083e-01
6.000071e-01
5.877925e-01
5.760392e-01
5.647237e-01
5.538237e-01
5.433183e-01
5.331880e-01
5.234141e-01
5.139793e-01
5.048672e-01
4.960624e-01
4.875503e-01
4.793173e-01
4.713505e-01
4.636376e-01
1.562793e+00
1.550746e+00
1.532095e+00
1.507263e+00
1.476947e+00
1.442028e+00
1.403465e+00
1.362216e+00
1.319200e+00
1.275274e+00
1.231144e+00
1.187046e+00
1.141940e+00
1.092043e+00
1.030449e+00
9.593927e-01
9.313992e-01
1.087105e+00
1.188341e+00
1.133952e+00
1.110952e+00
1.107607e+00
1.108558e+00
1.105403e+00
1.095696e+00
1.079998e+00
1.059848e+00
1.036798e+00
1.012098e+00
9.866532e-01
9.610829e-01
9.357943e-01
9.110457e-01
8.869942e-01
8.637289e-01
8.412940e-01
8.197045e-01
7.989561e-01
7.790326e-01
7.599100e-01
7.415600e-01
7.239518e-01
7.070536e-01
6.908334e-01
6.752597e-01
6.603015e-01
6.459293e-01
6.321143e-01
6.188294e-01
6.060484e-01
5.937465e-01
5.819004e-01
5.704877e-01
5.594873e-01
5.488793e-01
5.386449e-01
5.287662e-01
5.192263e-01
5.100094e-01
5.011005e-01
4.924852e-01
4.841502e-01
4.760828e-01
4.682709e-01
4.607033e-01
1.460250e+00
1.448438e+00
1.430906e+00
1.407958e+00
1.380083e+00
1.347909e+00
1.312166e+00
1.273658e+00
1.233275e+00
1.192015e+00
1.150991e+00
1.111342e+00
1.074000e+00
1.039455e+00
1.008570e+00
9.872414e-01
9.938916e-01
1.047463e+00
1.087453e+00
1.084924e+00
1.077590e+00
1.073129e+00
1.069206e+00
1.062709e+00
1.052194e+00
1.037662e+00
1.019840e+00
9.996486e-01
9.779377e-01
9.553935e-01
9.325299e-01
9.097145e-01
8.872010e-01
8.651587e-01
8.436960e-01
8.228787e-01
8.027424e-01
7.833021e-01
7.645584e-01
7.465026e-01
7.291192e-01
7.123889e-01
6.962897e-01
6.807982e-01
6.658902e-01
6.515415e-01
6.377281e-01
6.244265e-01
6.116137e-01
5.992677e-01
5.873673e-01
5.758921e-01
5.648225e-01
5.541400e-01
5.438269e-01
5.338663e-01
5.242421e-01
5.149393e-01
5.059433e-01
4.972403e-01
4.888175e-01
4.806624e-01
4.727634e-01
4.651093e-01
4.576895e-01
1.369257e+00
1.357800e+00
1.341313e+00
1.320019e+00
1.294275e+00
1.264555e+00
1.231445e+00
1.195650e+00
1.158031e+00
1.119658e+00
1.081853e+00
1.046196e+00
1.014444e+00
9.884403e-01
9.703459e-01
9.635260e-01
9.725666e-01
9.970685e-01
1.018998e+00
1.027717e+00
1.029693e+00
1.028713e+00
1.025361e+00
1.019083e+00
1.009504e+00
9.967491e-01
9.812981e-01
9.637780e-01
9.448095e-01
9.249313e-01
9.045762e-01
8.840754e-01
8.636730e-01
8.435441e-01
8.238104e-01
8.045536e-01
7.858264e-01
7.676597e-01
7.500691e-01
7.330588e-01
7.166256e-01
7.007602e-01
6.854500e-01
6.706794e-01
6.564314e-01
6.426879e-01
6.294304e-01
6.166401e-01
6.042985e-01
5.923872e-01
5.808884e-01
5.697847e-01
5.590593e-01
5.486961e-01
5.386794e-01
5.289944e-01
5.196269e-01
5.105631e-01
5.017901e-01
4.932954e-01
4.850673e-01
4.770943e-01
4.693659e-01
4.618717e-01
4.546021e-01
1.288326e+00
1.277336e+00
1.261887e+00
1.242150e+00
1.218399e+00
1.191013e+00
1.160487e+00
1.127456e+00
1.092747e+00
1.057433e+00
1.022893e+00
9.908292e-01
9.631887e-01
9.419982e-01
9.291481e-01
9.261467e-01
9.333912e-01
9.482409e-01
9.636015e-01
9.743130e-01
9.802365e-01
9.822277e-01
9.807924e-01
9.760866e-01
9.682445e-01
9.575496e-01
9.444314e-01
9.293897e-01
9.129207e-01
8.954705e-01
8.774140e-01
8.590521e-01
8.406180e-01
8.222880e-01
8.041919e-01
7.864233e-01
7.690474e-01
7.521083e-01
7.356337e-01
7.196396e-01
7.041327e-01
6.891133e-01
6.745767e-01
6.605148e-01
6.469171e-01
6.337711e-01
6.210635e-01
6.087800e-01
5.969061e-01
5.854271e-01
5.743283e-01
5.635952e-01
5.532136e-01
5.431697e-01
5.334499e-01
5.240413e-01
5.149313e-01
5.061078e-01
4.975592e-01
4.892742e-01
4.812423e-01
4.734532e-01
4.658971e-01
4.585646e-01
4.514468e-01
1.216193e+00
1.205771e+00
1.191387e+00
1.173179e+00
1.151370e+00
1.126280e+00
1.098346e+00
1.068150e+00
1.036473e+00
1.004347e+00
9.731049e-01
9.443794e-01
9.200113e-01
9.018209e-01
8.912539e-01
8.889497e-01
8.942607e-01
9.048247e-01
9.168489e-01
9.271397e-01
9.342936e-01
9.379606e-01
9.381981e-01
9.351815e-01
9.291600e-01
9.204657e-01
9.094982e-01
8.966874e-01
8.824541e-01
8.671820e-01
8.512026e-01
8.347909e-01
8.181684e-01
8.015088e-01
7.849459e-01
7.685806e-01
7.524873e-01
7.367201e-01
7.213164e-01
7.063015e-01
6.916909e-01
6.774928e-01
6.637098e-01
6.503403e-01
6.373794e-01
6.248202e-01
6.126537e-01
6.008700e-01
5.894583e-01
5.784071e-01
5.677050e-01
5.573400e-01
5.473004e-01
5.375746e-01
5.281511e-01
5.190186e-01
5.101662e-01
5.015833e-01
4.932596e-01
4.851852e-01
4.773505e-01
4.697463e-01
4.623636e-01
4.551941e-01
4.482295e-01
1.151764e+00
1.141999e+00
1.128715e+00
1.112033e+00
1.092145e+00
1.069337e+00
1.044005e+00
1.016688e+00
9.881136e-01
9.592421e-01
9.312974e-01
9.057506e-01
8.842123e-01
8.682009e-01
8.587995e-01
8.562884e-01
8.598836e-01
8.677325e-01
8.773340e-01
8.864018e-01
8.934456e-01
8.977218e-01
8.989866e-01
8.972774e-01
8.927903e-01
8.858181e-01
8.767091e-01
8.658327e-01
8.535504e-01
8.401962e-01
8.260649e-01
8.114072e-01
7.964309e-01
7.813042e-01
7.661608e-01
7.511052e-01
7.362177e-01
7.215590e-01
7.071742e-01
6.930957e-01
6.793460e-01
6.659401e-01
6.528865e-01
6.401892e-01
6.278487e-01
6.158625e-01
6.042259e-01
5.929327e-01
5.819756e-01
5.713462e-01
5.610358e-01
5.510349e-01
5.413343e-01
5.319242e-01
5.227951e-01
5.139375e-01
5.053419e-01
4.969992e-01
4.889004e-01
4.810366e-01
4.733994e-01
4.659806e-01
4.587721e-01
4.517663e-01
4.449558e-01
1.094082e+00
1.085041e+00
1.072885e+00
1.057724e+00
1.039737e+00
1.019184e+00
9.964328e-01
9.719828e-01
9.465032e-01
9.208637e-01
8.961499e-01
8.736317e-01
8.546556e-01
8.404391e-01
8.317918e-01
8.288463e-01
8.309184e-01
8.365940e-01
8.440597e-01
8.515748e-01
8.578180e-01
8.619724e-01
8.636479e-01
8.627535e-01
8.593896e-01
8.537720e-01
8.461800e-01
8.369194e-01
8.262961e-01
8.145983e-01
8.020854e-01
7.889838e-01
7.754854e-01
7.617498e-01
7.479073e-01
7.340625e-01
7.202984e-01
7.066799e-01
6.932570e-01
6.800674e-01
6.671391e-01
6.544922e-01
6.421405e-01
6.300925e-01
6.183530e-01
6.069237e-01
5.958035e-01
5.849896e-01
5.744777e-01
5.642623e-01
5.543371e-01
5.446952e-01
5.353292e-01
5.262314e-01
5.173941e-01
5.088092e-01
5.004688e-01
4.923651e-01
4.844902e-01
4.768366e-01
4.693967e-01
4.621632e-01
4.551291e-01
4.482873e-01
4.416313e-01
1.042301e+00
1.034030e+00
1.023013e+00
1.009355e+00
9.932260e-01
9.748707e-01
9.546309e-01
9.329677e-01
9.104871e-01
8.879603e-01
8.663235e-01
8.466402e-01
8.300010e-01
8.173570e-01
8.093104e-01
8.059293e-01
8.066712e-01
8.104701e-01
8.159713e-01
8.218273e-01
8.269295e-01
8.305092e-01
8.321276e-01
8.316099e-01
8.289683e-01
8.243375e-01
8.179234e-01
8.099676e-01
8.007211e-01
7.904272e-01
7.793107e-01
7.675721e-01
7.553859e-01
7.429001e-01
7.302387e-01
7.175036e-01
7.047778e-01
6.921279e-01
6.796067e-01
6.672554e-01
6.551059e-01
6.431823e-01
6.315021e-01
6.200778e-01
6.089179e-01
5.980272e-01
5.874080e-01
5.770605e-01
5.669828e-01
5.571723e-01
5.476247e-01
5.383352e-01
5.292985e-01
5.205086e-01
5.119592e-01
5.036441e-01
4.955565e-01
4.876899e-01
4.800376e-01
4.725930e-01
4.653496e-01
4.583010e-01
4.514409e-01
4.447631e-01
4.382616e-01
9.956792e-01
9.882006e-01
9.783104e-01
9.661140e-01
9.517733e-01
9.355204e-01
9.176727e-01
8.986508e-01
8.789954e-01
8.593764e-01
8.405842e-01
8.234882e-01
8.089528e-01
7.977072e-01
7.901967e-01
7.864583e-01
7.860794e-01
7.882643e-01
7.919965e-01
7.962339e-01
8.000727e-01
8.028359e-01
8.040906e-01
8.036189e-01
8.013686e-01
7.974041e-01
7.918648e-01
7.849315e-01
7.768032e-01
7.676800e-01
7.577523e-01
7.471945e-01
7.361618e-01
7.247889e-01
7.131911e-01
7.014655e-01
6.896926e-01
6.779387e-01
6.662575e-01
6.546921e-01
6.432769e-01
6.320386e-01
6.209978e-01
6.101699e-01
5.995662e-01
5.891943e-01
5.790593e-01
5.691636e-01
5.595081e-01
5.500918e-01
5.409130e-01
5.319685e-01
5.232547e-01
5.147673e-01
5.065015e-01
4.984524e-01
4.906145e-01
4.829824e-01
4.755506e-01
4.683134e-01
4.612652e-01
4.544005e-01
4.477137e-01
4.411994e-01
4.348522e-01
9.535596e-01
9.468741e-01
9.380789e-01
9.272789e-01
9.146301e-01
9.003507e-01
8.847330e-01
8.681559e-01
8.510938e-01
8.341190e-01
8.178863e-01
8.030950e-01
7.904190e-01
7.804115e-01
7.733998e-01
7.694059e-01
7.681218e-01
7.689586e-01
7.711556e-01
7.739127e-01
7.765065e-01
7.783632e-01
7.790845e-01
7.784394e-01
7.763350e-01
7.727830e-01
7.678669e-01
7.617149e-01
7.544788e-01
7.463188e-01
7.373924e-01
7.278480e-01
7.178211e-01
7.074319e-01
6.967855e-01
6.859722e-01
6.750686e-01
6.641386e-01
6.532357e-01
6.424033e-01
6.316769e-01
6.210851e-01
6.106503e-01
6.003901e-01
5.903180e-01
5.804439e-01
5.707749e-01
5.613156e-01
5.520688e-01
5.430355e-01
5.342155e-01
5.256076e-01
5.172096e-01
5.090186e-01
5.010312e-01
4.932436e-01
4.856517e-01
4.782511e-01
4.710371e-01
4.640051e-01
4.571504e-01
4.504681e-01
4.439535e-01
4.376018e-01
4.314082e-01
9.153678e-01
9.094565e-01
9.017052e-01
8.922173e-01
8.811417e-01
8.686816e-01
8.551029e-01
8.407417e-01
8.260085e-01
8.113846e-01
7.974054e-01
7.846261e-01
7.735678e-01
7.646468e-01
7.581047e-01
7.539551e-01
7.519712e-01
7.517193e-01
7.526326e-01
7.541009e-01
7.555533e-01
7.565155e-01
7.566371e-01
7.556933e-01
7.535705e-01
7.502441e-01
7.457550e-01
7.401880e-01
7.336547e-01
7.262794e-01
7.181896e-01
7.095091e-01
7.003538e-01
6.908291e-01
6.810291e-01
6.710362e-01
6.609214e-01
6.507458e-01
6.405605e-01
6.304087e-01
6.203258e-01
6.103412e-01
6.004785e-01
5.907568e-01
5.811909e-01
5.717926e-01
5.625707e-01
5.535313e-01
5.446790e-01
5.360164e-01
5.275448e-01
5.192643e-01
5.111741e-01
5.032727e-01
4.955578e-01
4.880269e-01
4.806766e-01
4.735038e-01
4.665046e-01
4.596752e-01
4.530117e-01
4.465101e-01
4.401661e-01
4.339757e-01
4.279348e-01
8.806013e-01
8.754301e-01
8.686569e-01
8.603823e-01
8.507468e-01
8.399369e-01
8.281911e-01
8.158038e-01
8.031254e-01
7.905557e-01
7.785282e-01
7.674805e-01
7.578132e-01
7.498400e-01
7.437396e-01
7.395219e-01
7.370210e-01
7.359188e-01
7.357938e-01
7.361833e-01
7.366414e-01
7.367831e-01
7.363090e-01
7.350125e-01
7.327736e-01
7.295454e-01
7.253382e-01
7.202034e-01
7.142193e-01
7.074799e-01
7.000859e-01
6.921387e-01
6.837358e-01
6.749680e-01
6.659180e-01
6.566597e-01
6.472584e-01
6.377705e-01
6.282446e-01
6.187223e-01
6.092385e-01
5.998222e-01
5.904977e-01
5.812848e-01
5.721996e-01
5.632547e-01
5.544602e-01
5.458239e-01
5.373513e-01
5.290465e-01
5.209119e-01
5.129491e-01
5.051583e-01
4.975391e-01
4.900904e-01
4.828105e-01
4.756972e-01
4.687480e-01
4.619600e-01
4.553302e-01
4.488554e-01
4.425321e-01
4.363570e-01
4.303264e-01
4.244369e-01
8.488239e-01
8.443469e-01
8.384761e-01
8.313077e-01
8.229720e-01
8.136381e-01
8.035172e-01
7.928638e-01
7.819737e-01
7.711763e-01
7.608201e-01
7.512486e-01
7.427699e-01
7.356208e-01
7.299349e-01
7.257207e-01
7.228576e-01
7.211125e-01
7.201726e-01
7.196883e-01
7.193136e-01
7.187403e-01
7.177182e-01
7.160642e-01
7.136615e-01
7.104519e-01
7.064253e-01
7.016081e-01
6.960528e-01
6.898282e-01
6.830125e-01
6.756870e-01
6.679324e-01
6.598258e-01
6.514389e-01
6.428371e-01
6.340791e-01
6.252165e-01
6.162949e-01
6.073532e-01
5.984252e-01
5.895394e-01
5.807198e-01
5.719865e-01
5.633561e-01
5.548421e-01
5.464554e-01
5.382047e-01
5.300966e-01
5.221362e-01
5.143272e-01
5.066718e-01
4.991714e-01
4.918267e-01
4.846373e-01
4.776025e-01
4.707209e-01
4.639908e-01
4.574101e-01
4.509765e-01
4.446874e-01
4.385400e-01
4.325315e-01
4.266589e-01
4.209192e-01
8.196581e-01
8.158219e-01
8.107724e-01
8.045998e-01
7.974235e-01
7.893946e-01
7.806979e-01
7.715513e-01
7.622023e-01
7.529206e-01
7.439853e-01
7.356660e-01
7.282000e-01
7.217676e-01
7.164698e-01
7.123148e-01
7.092154e-01
7.070011e-01
7.054399e-01
7.042679e-01
7.032184e-01
7.020466e-01
7.005470e-01
6.985617e-01
6.959826e-01
6.927479e-01
6.888350e-01
6.842530e-01
6.790346e-01
6.732289e-01
6.668951e-01
6.600974e-01
6.529018e-01
6.453728e-01
6.375718e-01
6.295559e-01
6.213771e-01
6.130822e-01
6.047130e-01
5.963058e-01
5.878926e-01
5.795007e-01
5.711536e-01
5.628712e-01
5.546703e-01
5.465648e-01
5.385661e-01
5.306835e-01
5.229246e-01
5.152951e-01
5.077994e-01
5.004409e-01
4.932218e-01
4.861433e-01
4.792060e-01
4.724100e-01
4.657545e-01
4.592387e-01
4.528611e-01
4.466199e-01
4.405133e-01
4.345390e-01
4.286947e-01
4.229779e-01
4.173862e-01
7.927789e-01
7.895262e-01
7.852153e-01
7.799296e-01
7.737770e-01
7.668910e-01
7.594318e-01
7.515841e-01
7.435541e-01
7.355616e-01
7.278298e-01
7.205706e-01
7.139680e-01
7.081601e-01
7.032248e-01
6.991703e-01
6.959344e-01
6.933921e-01
6.913714e-01
6.896733e-01
6.880929e-01
6.864372e-01
6.845393e-01
6.822658e-01
6.795204e-01
6.762423e-01
6.724025e-01
6.679986e-01
6.630491e-01
6.575875e-01
6.516579e-01
6.453105e-01
6.385983e-01
6.315748e-01
6.242918e-01
6.167988e-01
6.091413e-01
6.013614e-01
5.934967e-01
5.855808e-01
5.776435e-01
5.697107e-01
5.618050e-01
5.539458e-01
5.461497e-01
5.384306e-01
5.308003e-01
5.232685e-01
5.158433e-01
5.085310e-01
5.013367e-01
4.942643e-01
4.873168e-01
4.804961e-01
4.738035e-01
4.672397e-01
4.608046e-01
4.544979e-01
4.483187e-01
4.422661e-01
4.363384e-01
4.305341e-01
4.248513e-01
4.192880e-01
4.138422e-01
7.679075e-01
7.651795e-01
7.615260e-01
7.570232e-01
7.517671e-01
